"REF_DATE","GEO","DGUID","Rates","UOM","UOM_ID","SCALAR_FACTOR","SCALAR_ID","VECTOR","COORDINATE","VALUE","STATUS","SYMBOL","TERMINATED","DECIMALS"
"2006-01-04","Canada","2016A000011124","Bank rate","Percent","239","units","0","v80691310","1.2","3.50","","","","2"
"2006-01-11","Canada","2016A000011124","Bank rate","Percent","239","units","0","v80691310","1.2","3.50","","","","2"
"2006-01-18","Canada","2016A000011124","Bank rate","Percent","239","units","0","v80691310","1.2","3.50","","","","2"
"2006-01-25","Canada","2016A000011124","Bank rate","Percent","239","units","0","v80691310","1.2","3.75","","","","2"
"2006-02-01","Canada","2016A000011124","Bank rate","Percent","239","units","0","v80691310","1.2","3.75","","","","2"
"2006-02-08","Canada","2016A000011124","Bank rate","Percent","239","units","0","v80691310","1.2","3.75","","","","2"
"2006-02-15","Canada","2016A000011124","Bank rate","Percent","239","units","0","v80691310","1.2","3.75","","","","2"
"2006-02-22","Canada","2016A000011124","Bank rate","Percent","239","units","0","v80691310","1.2","3.75","","","","2"
"2006-03-01","Canada","2016A000011124","Bank rate","Percent","239","units","0","v80691310","1.2","3.75","","","","2"
"2006-03-08","Canada","2016A000011124","Bank rate","Percent","239","units","0","v80691310","1.2","4.00","","","","2"
"2006-03-15","Canada","2016A000011124","Bank rate","Percent","239","units","0","v80691310","1.2","4.00","","","","2"
"2006-03-22","Canada","2016A000011124","Bank rate","Percent","239","units","0","v80691310","1.2","4.00","","","","2"
"2006-03-29","Canada","2016A000011124","Bank rate","Percent","239","units","0","v80691310","1.2","4.00","","","","2"
"2006-04-05","Canada","2016A000011124","Bank rate","Percent","239","units","0","v80691310","1.2","4.00","","","","2"
"2006-04-12","Canada","2016A000011124","Bank rate","Percent","239","units","0","v80691310","1.2","4.00","","","","2"
"2006-04-19","Canada","2016A000011124","Bank rate","Percent","239","units","0","v80691310","1.2","4.00","","","","2"
"2006-04-26","Canada","2016A000011124","Bank rate","Percent","239","units","0","v80691310","1.2","4.25","","","","2"
"2006-05-03","Canada","2016A000011124","Bank rate","Percent","239","units","0","v80691310","1.2","4.25","","","","2"
"2006-05-10","Canada","2016A000011124","Bank rate","Percent","239","units","0","v80691310","1.2","4.25","","","","2"
"2006-05-17","Canada","2016A000011124","Bank rate","Percent","239","units","0","v80691310","1.2","4.25","","","","2"
"2006-05-24","Canada","2016A000011124","Bank rate","Percent","239","units","0","v80691310","1.2","4.50","","","","2"
"2006-05-31","Canada","2016A000011124","Bank rate","Percent","239","units","0","v80691310","1.2","4.50","","","","2"
"2006-06-07","Canada","2016A000011124","Bank rate","Percent","239","units","0","v80691310","1.2","4.50","","","","2"
"2006-06-14","Canada","2016A000011124","Bank rate","Percent","239","units","0","v80691310","1.2","4.50","","","","2"
"2006-06-21","Canada","2016A000011124","Bank rate","Percent","239","units","0","v80691310","1.2","4.50","","","","2"
"2006-06-28","Canada","2016A000011124","Bank rate","Percent","239","units","0","v80691310","1.2","4.50","","","","2"
"2006-07-05","Canada","2016A000011124","Bank rate","Percent","239","units","0","v80691310","1.2","4.50","","","","2"
"2006-07-12","Canada","2016A000011124","Bank rate","Percent","239","units","0","v80691310","1.2","4.50","","","","2"
"2006-07-19","Canada","2016A000011124","Bank rate","Percent","239","units","0","v80691310","1.2","4.50","","","","2"
"2006-07-26","Canada","2016A000011124","Bank rate","Percent","239","units","0","v80691310","1.2","4.50","","","","2"
"2006-08-02","Canada","2016A000011124","Bank rate","Percent","239","units","0","v80691310","1.2","4.50","","","","2"
"2006-08-09","Canada","2016A000011124","Bank rate","Percent","239","units","0","v80691310","1.2","4.50","","","","2"
"2006-08-16","Canada","2016A000011124","Bank rate","Percent","239","units","0","v80691310","1.2","4.50","","","","2"
"2006-08-23","Canada","2016A000011124","Bank rate","Percent","239","units","0","v80691310","1.2","4.50","","","","2"
"2006-08-30","Canada","2016A000011124","Bank rate","Percent","239","units","0","v80691310","1.2","4.50","","","","2"
"2006-09-06","Canada","2016A000011124","Bank rate","Percent","239","units","0","v80691310","1.2","4.50","","","","2"
"2006-09-13","Canada","2016A000011124","Bank rate","Percent","239","units","0","v80691310","1.2","4.50","","","","2"
"2006-09-20","Canada","2016A000011124","Bank rate","Percent","239","units","0","v80691310","1.2","4.50","","","","2"
"2006-09-27","Canada","2016A000011124","Bank rate","Percent","239","units","0","v80691310","1.2","4.50","","","","2"
"2006-10-04","Canada","2016A000011124","Bank rate","Percent","239","units","0","v80691310","1.2","4.50","","","","2"
"2006-10-11","Canada","2016A000011124","Bank rate","Percent","239","units","0","v80691310","1.2","4.50","","","","2"
"2006-10-18","Canada","2016A000011124","Bank rate","Percent","239","units","0","v80691310","1.2","4.50","","","","2"
"2006-10-25","Canada","2016A000011124","Bank rate","Percent","239","units","0","v80691310","1.2","4.50","","","","2"
"2006-11-01","Canada","2016A000011124","Bank rate","Percent","239","units","0","v80691310","1.2","4.50","","","","2"
"2006-11-08","Canada","2016A000011124","Bank rate","Percent","239","units","0","v80691310","1.2","4.50","","","","2"
"2006-11-15","Canada","2016A000011124","Bank rate","Percent","239","units","0","v80691310","1.2","4.50","","","","2"
"2006-11-22","Canada","2016A000011124","Bank rate","Percent","239","units","0","v80691310","1.2","4.50","","","","2"
"2006-11-29","Canada","2016A000011124","Bank rate","Percent","239","units","0","v80691310","1.2","4.50","","","","2"
"2006-12-06","Canada","2016A000011124","Bank rate","Percent","239","units","0","v80691310","1.2","4.50","","","","2"
"2006-12-13","Canada","2016A000011124","Bank rate","Percent","239","units","0","v80691310","1.2","4.50","","","","2"
"2006-12-20","Canada","2016A000011124","Bank rate","Percent","239","units","0","v80691310","1.2","4.50","","","","2"
"2006-12-27","Canada","2016A000011124","Bank rate","Percent","239","units","0","v80691310","1.2","4.50","","","","2"
"2007-01-03","Canada","2016A000011124","Bank rate","Percent","239","units","0","v80691310","1.2","4.50","","","","2"
"2007-01-10","Canada","2016A000011124","Bank rate","Percent","239","units","0","v80691310","1.2","4.50","","","","2"
"2007-01-17","Canada","2016A000011124","Bank rate","Percent","239","units","0","v80691310","1.2","4.50","","","","2"
"2007-01-24","Canada","2016A000011124","Bank rate","Percent","239","units","0","v80691310","1.2","4.50","","","","2"
"2007-01-31","Canada","2016A000011124","Bank rate","Percent","239","units","0","v80691310","1.2","4.50","","","","2"
"2007-02-07","Canada","2016A000011124","Bank rate","Percent","239","units","0","v80691310","1.2","4.50","","","","2"
"2007-02-14","Canada","2016A000011124","Bank rate","Percent","239","units","0","v80691310","1.2","4.50","","","","2"
"2007-02-21","Canada","2016A000011124","Bank rate","Percent","239","units","0","v80691310","1.2","4.50","","","","2"
"2007-02-28","Canada","2016A000011124","Bank rate","Percent","239","units","0","v80691310","1.2","4.50","","","","2"
"2007-03-07","Canada","2016A000011124","Bank rate","Percent","239","units","0","v80691310","1.2","4.50","","","","2"
"2007-03-14","Canada","2016A000011124","Bank rate","Percent","239","units","0","v80691310","1.2","4.50","","","","2"
"2007-03-21","Canada","2016A000011124","Bank rate","Percent","239","units","0","v80691310","1.2","4.50","","","","2"
"2007-03-28","Canada","2016A000011124","Bank rate","Percent","239","units","0","v80691310","1.2","4.50","","","","2"
"2007-04-04","Canada","2016A000011124","Bank rate","Percent","239","units","0","v80691310","1.2","4.50","","","","2"
"2007-04-11","Canada","2016A000011124","Bank rate","Percent","239","units","0","v80691310","1.2","4.50","","","","2"
"2007-04-18","Canada","2016A000011124","Bank rate","Percent","239","units","0","v80691310","1.2","4.50","","","","2"
"2007-04-25","Canada","2016A000011124","Bank rate","Percent","239","units","0","v80691310","1.2","4.50","","","","2"
"2007-05-02","Canada","2016A000011124","Bank rate","Percent","239","units","0","v80691310","1.2","4.50","","","","2"
"2007-05-09","Canada","2016A000011124","Bank rate","Percent","239","units","0","v80691310","1.2","4.50","","","","2"
"2007-05-16","Canada","2016A000011124","Bank rate","Percent","239","units","0","v80691310","1.2","4.50","","","","2"
"2007-05-23","Canada","2016A000011124","Bank rate","Percent","239","units","0","v80691310","1.2","4.50","","","","2"
"2007-05-30","Canada","2016A000011124","Bank rate","Percent","239","units","0","v80691310","1.2","4.50","","","","2"
"2007-06-06","Canada","2016A000011124","Bank rate","Percent","239","units","0","v80691310","1.2","4.50","","","","2"
"2007-06-13","Canada","2016A000011124","Bank rate","Percent","239","units","0","v80691310","1.2","4.50","","","","2"
"2007-06-20","Canada","2016A000011124","Bank rate","Percent","239","units","0","v80691310","1.2","4.50","","","","2"
"2007-06-27","Canada","2016A000011124","Bank rate","Percent","239","units","0","v80691310","1.2","4.50","","","","2"
"2007-07-04","Canada","2016A000011124","Bank rate","Percent","239","units","0","v80691310","1.2","4.50","","","","2"
"2007-07-11","Canada","2016A000011124","Bank rate","Percent","239","units","0","v80691310","1.2","4.75","","","","2"
"2007-07-18","Canada","2016A000011124","Bank rate","Percent","239","units","0","v80691310","1.2","4.75","","","","2"
"2007-07-25","Canada","2016A000011124","Bank rate","Percent","239","units","0","v80691310","1.2","4.75","","","","2"
"2007-08-01","Canada","2016A000011124","Bank rate","Percent","239","units","0","v80691310","1.2","4.75","","","","2"
"2007-08-08","Canada","2016A000011124","Bank rate","Percent","239","units","0","v80691310","1.2","4.75","","","","2"
"2007-08-15","Canada","2016A000011124","Bank rate","Percent","239","units","0","v80691310","1.2","4.75","","","","2"
"2007-08-22","Canada","2016A000011124","Bank rate","Percent","239","units","0","v80691310","1.2","4.75","","","","2"
"2007-08-29","Canada","2016A000011124","Bank rate","Percent","239","units","0","v80691310","1.2","4.75","","","","2"
"2007-09-05","Canada","2016A000011124","Bank rate","Percent","239","units","0","v80691310","1.2","4.75","","","","2"
"2007-09-12","Canada","2016A000011124","Bank rate","Percent","239","units","0","v80691310","1.2","4.75","","","","2"
"2007-09-19","Canada","2016A000011124","Bank rate","Percent","239","units","0","v80691310","1.2","4.75","","","","2"
"2007-09-26","Canada","2016A000011124","Bank rate","Percent","239","units","0","v80691310","1.2","4.75","","","","2"
"2007-10-03","Canada","2016A000011124","Bank rate","Percent","239","units","0","v80691310","1.2","4.75","","","","2"
"2007-10-10","Canada","2016A000011124","Bank rate","Percent","239","units","0","v80691310","1.2","4.75","","","","2"
"2007-10-17","Canada","2016A000011124","Bank rate","Percent","239","units","0","v80691310","1.2","4.75","","","","2"
"2007-10-24","Canada","2016A000011124","Bank rate","Percent","239","units","0","v80691310","1.2","4.75","","","","2"
"2007-10-31","Canada","2016A000011124","Bank rate","Percent","239","units","0","v80691310","1.2","4.75","","","","2"
"2007-11-07","Canada","2016A000011124","Bank rate","Percent","239","units","0","v80691310","1.2","4.75","","","","2"
"2007-11-14","Canada","2016A000011124","Bank rate","Percent","239","units","0","v80691310","1.2","4.75","","","","2"
"2007-11-21","Canada","2016A000011124","Bank rate","Percent","239","units","0","v80691310","1.2","4.75","","","","2"
"2007-11-28","Canada","2016A000011124","Bank rate","Percent","239","units","0","v80691310","1.2","4.75","","","","2"
"2007-12-05","Canada","2016A000011124","Bank rate","Percent","239","units","0","v80691310","1.2","4.50","","","","2"
"2007-12-12","Canada","2016A000011124","Bank rate","Percent","239","units","0","v80691310","1.2","4.50","","","","2"
"2007-12-19","Canada","2016A000011124","Bank rate","Percent","239","units","0","v80691310","1.2","4.50","","","","2"
"2007-12-26","Canada","2016A000011124","Bank rate","Percent","239","units","0","v80691310","1.2","4.50","","","","2"
"2008-01-02","Canada","2016A000011124","Bank rate","Percent","239","units","0","v80691310","1.2","4.50","","","","2"
"2008-01-09","Canada","2016A000011124","Bank rate","Percent","239","units","0","v80691310","1.2","4.50","","","","2"
"2008-01-16","Canada","2016A000011124","Bank rate","Percent","239","units","0","v80691310","1.2","4.50","","","","2"
"2008-01-23","Canada","2016A000011124","Bank rate","Percent","239","units","0","v80691310","1.2","4.25","","","","2"
"2008-01-30","Canada","2016A000011124","Bank rate","Percent","239","units","0","v80691310","1.2","4.25","","","","2"
"2008-02-06","Canada","2016A000011124","Bank rate","Percent","239","units","0","v80691310","1.2","4.25","","","","2"
"2008-02-13","Canada","2016A000011124","Bank rate","Percent","239","units","0","v80691310","1.2","4.25","","","","2"
"2008-02-20","Canada","2016A000011124","Bank rate","Percent","239","units","0","v80691310","1.2","4.25","","","","2"
"2008-02-27","Canada","2016A000011124","Bank rate","Percent","239","units","0","v80691310","1.2","4.25","","","","2"
"2008-03-05","Canada","2016A000011124","Bank rate","Percent","239","units","0","v80691310","1.2","3.75","","","","2"
"2008-03-12","Canada","2016A000011124","Bank rate","Percent","239","units","0","v80691310","1.2","3.75","","","","2"
"2008-03-19","Canada","2016A000011124","Bank rate","Percent","239","units","0","v80691310","1.2","3.75","","","","2"
"2008-03-26","Canada","2016A000011124","Bank rate","Percent","239","units","0","v80691310","1.2","3.75","","","","2"
"2008-04-02","Canada","2016A000011124","Bank rate","Percent","239","units","0","v80691310","1.2","3.75","","","","2"
"2008-04-09","Canada","2016A000011124","Bank rate","Percent","239","units","0","v80691310","1.2","3.75","","","","2"
"2008-04-16","Canada","2016A000011124","Bank rate","Percent","239","units","0","v80691310","1.2","3.75","","","","2"
"2008-04-23","Canada","2016A000011124","Bank rate","Percent","239","units","0","v80691310","1.2","3.25","","","","2"
"2008-04-30","Canada","2016A000011124","Bank rate","Percent","239","units","0","v80691310","1.2","3.25","","","","2"
"2008-05-07","Canada","2016A000011124","Bank rate","Percent","239","units","0","v80691310","1.2","3.25","","","","2"
"2008-05-14","Canada","2016A000011124","Bank rate","Percent","239","units","0","v80691310","1.2","3.25","","","","2"
"2008-05-21","Canada","2016A000011124","Bank rate","Percent","239","units","0","v80691310","1.2","3.25","","","","2"
"2008-05-28","Canada","2016A000011124","Bank rate","Percent","239","units","0","v80691310","1.2","3.25","","","","2"
"2008-06-04","Canada","2016A000011124","Bank rate","Percent","239","units","0","v80691310","1.2","3.25","","","","2"
"2008-06-11","Canada","2016A000011124","Bank rate","Percent","239","units","0","v80691310","1.2","3.25","","","","2"
"2008-06-18","Canada","2016A000011124","Bank rate","Percent","239","units","0","v80691310","1.2","3.25","","","","2"
"2008-06-25","Canada","2016A000011124","Bank rate","Percent","239","units","0","v80691310","1.2","3.25","","","","2"
"2008-07-02","Canada","2016A000011124","Bank rate","Percent","239","units","0","v80691310","1.2","3.25","","","","2"
"2008-07-09","Canada","2016A000011124","Bank rate","Percent","239","units","0","v80691310","1.2","3.25","","","","2"
"2008-07-16","Canada","2016A000011124","Bank rate","Percent","239","units","0","v80691310","1.2","3.25","","","","2"
"2008-07-23","Canada","2016A000011124","Bank rate","Percent","239","units","0","v80691310","1.2","3.25","","","","2"
"2008-07-30","Canada","2016A000011124","Bank rate","Percent","239","units","0","v80691310","1.2","3.25","","","","2"
"2008-08-06","Canada","2016A000011124","Bank rate","Percent","239","units","0","v80691310","1.2","3.25","","","","2"
"2008-08-13","Canada","2016A000011124","Bank rate","Percent","239","units","0","v80691310","1.2","3.25","","","","2"
"2008-08-20","Canada","2016A000011124","Bank rate","Percent","239","units","0","v80691310","1.2","3.25","","","","2"
"2008-08-27","Canada","2016A000011124","Bank rate","Percent","239","units","0","v80691310","1.2","3.25","","","","2"
"2008-09-03","Canada","2016A000011124","Bank rate","Percent","239","units","0","v80691310","1.2","3.25","","","","2"
"2008-09-10","Canada","2016A000011124","Bank rate","Percent","239","units","0","v80691310","1.2","3.25","","","","2"
"2008-09-17","Canada","2016A000011124","Bank rate","Percent","239","units","0","v80691310","1.2","3.25","","","","2"
"2008-09-24","Canada","2016A000011124","Bank rate","Percent","239","units","0","v80691310","1.2","3.25","","","","2"
"2008-10-01","Canada","2016A000011124","Bank rate","Percent","239","units","0","v80691310","1.2","3.25","","","","2"
"2008-10-08","Canada","2016A000011124","Bank rate","Percent","239","units","0","v80691310","1.2","2.75","","","","2"
"2008-10-15","Canada","2016A000011124","Bank rate","Percent","239","units","0","v80691310","1.2","2.75","","","","2"
"2008-10-22","Canada","2016A000011124","Bank rate","Percent","239","units","0","v80691310","1.2","2.50","","","","2"
"2008-10-29","Canada","2016A000011124","Bank rate","Percent","239","units","0","v80691310","1.2","2.50","","","","2"
"2008-11-05","Canada","2016A000011124","Bank rate","Percent","239","units","0","v80691310","1.2","2.50","","","","2"
"2008-11-12","Canada","2016A000011124","Bank rate","Percent","239","units","0","v80691310","1.2","2.50","","","","2"
"2008-11-19","Canada","2016A000011124","Bank rate","Percent","239","units","0","v80691310","1.2","2.50","","","","2"
"2008-11-26","Canada","2016A000011124","Bank rate","Percent","239","units","0","v80691310","1.2","2.50","","","","2"
"2008-12-03","Canada","2016A000011124","Bank rate","Percent","239","units","0","v80691310","1.2","2.50","","","","2"
"2008-12-10","Canada","2016A000011124","Bank rate","Percent","239","units","0","v80691310","1.2","1.75","","","","2"
"2008-12-17","Canada","2016A000011124","Bank rate","Percent","239","units","0","v80691310","1.2","1.75","","","","2"
"2008-12-24","Canada","2016A000011124","Bank rate","Percent","239","units","0","v80691310","1.2","1.75","","","","2"
"2008-12-31","Canada","2016A000011124","Bank rate","Percent","239","units","0","v80691310","1.2","1.75","","","","2"
"2009-01-07","Canada","2016A000011124","Bank rate","Percent","239","units","0","v80691310","1.2","1.75","","","","2"
"2009-01-14","Canada","2016A000011124","Bank rate","Percent","239","units","0","v80691310","1.2","1.75","","","","2"
"2009-01-21","Canada","2016A000011124","Bank rate","Percent","239","units","0","v80691310","1.2","1.25","","","","2"
"2009-01-28","Canada","2016A000011124","Bank rate","Percent","239","units","0","v80691310","1.2","1.25","","","","2"
"2009-02-04","Canada","2016A000011124","Bank rate","Percent","239","units","0","v80691310","1.2","1.25","","","","2"
"2009-02-11","Canada","2016A000011124","Bank rate","Percent","239","units","0","v80691310","1.2","1.25","","","","2"
"2009-02-18","Canada","2016A000011124","Bank rate","Percent","239","units","0","v80691310","1.2","1.25","","","","2"
"2009-02-25","Canada","2016A000011124","Bank rate","Percent","239","units","0","v80691310","1.2","1.25","","","","2"
"2009-03-04","Canada","2016A000011124","Bank rate","Percent","239","units","0","v80691310","1.2","0.75","","","","2"
"2009-03-11","Canada","2016A000011124","Bank rate","Percent","239","units","0","v80691310","1.2","0.75","","","","2"
"2009-03-18","Canada","2016A000011124","Bank rate","Percent","239","units","0","v80691310","1.2","0.75","","","","2"
"2009-03-25","Canada","2016A000011124","Bank rate","Percent","239","units","0","v80691310","1.2","0.75","","","","2"
"2009-04-01","Canada","2016A000011124","Bank rate","Percent","239","units","0","v80691310","1.2","0.75","","","","2"
"2009-04-08","Canada","2016A000011124","Bank rate","Percent","239","units","0","v80691310","1.2","0.75","","","","2"
"2009-04-15","Canada","2016A000011124","Bank rate","Percent","239","units","0","v80691310","1.2","0.75","","","","2"
"2009-04-22","Canada","2016A000011124","Bank rate","Percent","239","units","0","v80691310","1.2","0.50","","","","2"
"2009-04-29","Canada","2016A000011124","Bank rate","Percent","239","units","0","v80691310","1.2","0.50","","","","2"
"2009-05-06","Canada","2016A000011124","Bank rate","Percent","239","units","0","v80691310","1.2","0.50","","","","2"
"2009-05-13","Canada","2016A000011124","Bank rate","Percent","239","units","0","v80691310","1.2","0.50","","","","2"
"2009-05-20","Canada","2016A000011124","Bank rate","Percent","239","units","0","v80691310","1.2","0.50","","","","2"
"2009-05-27","Canada","2016A000011124","Bank rate","Percent","239","units","0","v80691310","1.2","0.50","","","","2"
"2009-06-03","Canada","2016A000011124","Bank rate","Percent","239","units","0","v80691310","1.2","0.50","","","","2"
"2009-06-10","Canada","2016A000011124","Bank rate","Percent","239","units","0","v80691310","1.2","0.50","","","","2"
"2009-06-17","Canada","2016A000011124","Bank rate","Percent","239","units","0","v80691310","1.2","0.50","","","","2"
"2009-06-24","Canada","2016A000011124","Bank rate","Percent","239","units","0","v80691310","1.2","0.50","","","","2"
"2009-07-01","Canada","2016A000011124","Bank rate","Percent","239","units","0","v80691310","1.2","0.50","","","","2"
"2009-07-08","Canada","2016A000011124","Bank rate","Percent","239","units","0","v80691310","1.2","0.50","","","","2"
"2009-07-15","Canada","2016A000011124","Bank rate","Percent","239","units","0","v80691310","1.2","0.50","","","","2"
"2009-07-22","Canada","2016A000011124","Bank rate","Percent","239","units","0","v80691310","1.2","0.50","","","","2"
"2009-07-29","Canada","2016A000011124","Bank rate","Percent","239","units","0","v80691310","1.2","0.50","","","","2"
"2009-08-05","Canada","2016A000011124","Bank rate","Percent","239","units","0","v80691310","1.2","0.50","","","","2"
"2009-08-12","Canada","2016A000011124","Bank rate","Percent","239","units","0","v80691310","1.2","0.50","","","","2"
"2009-08-19","Canada","2016A000011124","Bank rate","Percent","239","units","0","v80691310","1.2","0.50","","","","2"
"2009-08-26","Canada","2016A000011124","Bank rate","Percent","239","units","0","v80691310","1.2","0.50","","","","2"
"2009-09-02","Canada","2016A000011124","Bank rate","Percent","239","units","0","v80691310","1.2","0.50","","","","2"
"2009-09-09","Canada","2016A000011124","Bank rate","Percent","239","units","0","v80691310","1.2","0.50","","","","2"
"2009-09-16","Canada","2016A000011124","Bank rate","Percent","239","units","0","v80691310","1.2","0.50","","","","2"
"2009-09-23","Canada","2016A000011124","Bank rate","Percent","239","units","0","v80691310","1.2","0.50","","","","2"
"2009-09-30","Canada","2016A000011124","Bank rate","Percent","239","units","0","v80691310","1.2","0.50","","","","2"
"2009-10-07","Canada","2016A000011124","Bank rate","Percent","239","units","0","v80691310","1.2","0.50","","","","2"
"2009-10-14","Canada","2016A000011124","Bank rate","Percent","239","units","0","v80691310","1.2","0.50","","","","2"
"2009-10-21","Canada","2016A000011124","Bank rate","Percent","239","units","0","v80691310","1.2","0.50","","","","2"
"2009-10-28","Canada","2016A000011124","Bank rate","Percent","239","units","0","v80691310","1.2","0.50","","","","2"
"2009-11-04","Canada","2016A000011124","Bank rate","Percent","239","units","0","v80691310","1.2","0.50","","","","2"
"2009-11-11","Canada","2016A000011124","Bank rate","Percent","239","units","0","v80691310","1.2","0.50","","","","2"
"2009-11-18","Canada","2016A000011124","Bank rate","Percent","239","units","0","v80691310","1.2","0.50","","","","2"
"2009-11-25","Canada","2016A000011124","Bank rate","Percent","239","units","0","v80691310","1.2","0.50","","","","2"
"2009-12-02","Canada","2016A000011124","Bank rate","Percent","239","units","0","v80691310","1.2","0.50","","","","2"
"2009-12-09","Canada","2016A000011124","Bank rate","Percent","239","units","0","v80691310","1.2","0.50","","","","2"
"2009-12-16","Canada","2016A000011124","Bank rate","Percent","239","units","0","v80691310","1.2","0.50","","","","2"
"2009-12-23","Canada","2016A000011124","Bank rate","Percent","239","units","0","v80691310","1.2","0.50","","","","2"
"2009-12-30","Canada","2016A000011124","Bank rate","Percent","239","units","0","v80691310","1.2","0.50","","","","2"
"2010-01-06","Canada","2016A000011124","Bank rate","Percent","239","units","0","v80691310","1.2","0.50","","","","2"
"2010-01-13","Canada","2016A000011124","Bank rate","Percent","239","units","0","v80691310","1.2","0.50","","","","2"
"2010-01-20","Canada","2016A000011124","Bank rate","Percent","239","units","0","v80691310","1.2","0.50","","","","2"
"2010-01-27","Canada","2016A000011124","Bank rate","Percent","239","units","0","v80691310","1.2","0.50","","","","2"
"2010-02-03","Canada","2016A000011124","Bank rate","Percent","239","units","0","v80691310","1.2","0.50","","","","2"
"2010-02-10","Canada","2016A000011124","Bank rate","Percent","239","units","0","v80691310","1.2","0.50","","","","2"
"2010-02-17","Canada","2016A000011124","Bank rate","Percent","239","units","0","v80691310","1.2","0.50","","","","2"
"2010-02-24","Canada","2016A000011124","Bank rate","Percent","239","units","0","v80691310","1.2","0.50","","","","2"
"2010-03-03","Canada","2016A000011124","Bank rate","Percent","239","units","0","v80691310","1.2","0.50","","","","2"
"2010-03-10","Canada","2016A000011124","Bank rate","Percent","239","units","0","v80691310","1.2","0.50","","","","2"
"2010-03-17","Canada","2016A000011124","Bank rate","Percent","239","units","0","v80691310","1.2","0.50","","","","2"
"2010-03-24","Canada","2016A000011124","Bank rate","Percent","239","units","0","v80691310","1.2","0.50","","","","2"
"2010-03-31","Canada","2016A000011124","Bank rate","Percent","239","units","0","v80691310","1.2","0.50","","","","2"
"2010-04-07","Canada","2016A000011124","Bank rate","Percent","239","units","0","v80691310","1.2","0.50","","","","2"
"2010-04-14","Canada","2016A000011124","Bank rate","Percent","239","units","0","v80691310","1.2","0.50","","","","2"
"2010-04-21","Canada","2016A000011124","Bank rate","Percent","239","units","0","v80691310","1.2","0.50","","","","2"
"2010-04-28","Canada","2016A000011124","Bank rate","Percent","239","units","0","v80691310","1.2","0.50","","","","2"
"2010-05-05","Canada","2016A000011124","Bank rate","Percent","239","units","0","v80691310","1.2","0.50","","","","2"
"2010-05-12","Canada","2016A000011124","Bank rate","Percent","239","units","0","v80691310","1.2","0.50","","","","2"
"2010-05-19","Canada","2016A000011124","Bank rate","Percent","239","units","0","v80691310","1.2","0.50","","","","2"
"2010-05-26","Canada","2016A000011124","Bank rate","Percent","239","units","0","v80691310","1.2","0.50","","","","2"
"2010-06-02","Canada","2016A000011124","Bank rate","Percent","239","units","0","v80691310","1.2","0.75","","","","2"
"2010-06-09","Canada","2016A000011124","Bank rate","Percent","239","units","0","v80691310","1.2","0.75","","","","2"
"2010-06-16","Canada","2016A000011124","Bank rate","Percent","239","units","0","v80691310","1.2","0.75","","","","2"
"2010-06-23","Canada","2016A000011124","Bank rate","Percent","239","units","0","v80691310","1.2","0.75","","","","2"
"2010-06-30","Canada","2016A000011124","Bank rate","Percent","239","units","0","v80691310","1.2","0.75","","","","2"
"2010-07-07","Canada","2016A000011124","Bank rate","Percent","239","units","0","v80691310","1.2","0.75","","","","2"
"2010-07-14","Canada","2016A000011124","Bank rate","Percent","239","units","0","v80691310","1.2","0.75","","","","2"
"2010-07-21","Canada","2016A000011124","Bank rate","Percent","239","units","0","v80691310","1.2","1.00","","","","2"
"2010-07-28","Canada","2016A000011124","Bank rate","Percent","239","units","0","v80691310","1.2","1.00","","","","2"
"2010-08-04","Canada","2016A000011124","Bank rate","Percent","239","units","0","v80691310","1.2","1.00","","","","2"
"2010-08-11","Canada","2016A000011124","Bank rate","Percent","239","units","0","v80691310","1.2","1.00","","","","2"
"2010-08-18","Canada","2016A000011124","Bank rate","Percent","239","units","0","v80691310","1.2","1.00","","","","2"
"2010-08-25","Canada","2016A000011124","Bank rate","Percent","239","units","0","v80691310","1.2","1.00","","","","2"
"2010-09-01","Canada","2016A000011124","Bank rate","Percent","239","units","0","v80691310","1.2","1.00","","","","2"
"2010-09-08","Canada","2016A000011124","Bank rate","Percent","239","units","0","v80691310","1.2","1.25","","","","2"
"2010-09-15","Canada","2016A000011124","Bank rate","Percent","239","units","0","v80691310","1.2","1.25","","","","2"
"2010-09-22","Canada","2016A000011124","Bank rate","Percent","239","units","0","v80691310","1.2","1.25","","","","2"
"2010-09-29","Canada","2016A000011124","Bank rate","Percent","239","units","0","v80691310","1.2","1.25","","","","2"
"2010-10-06","Canada","2016A000011124","Bank rate","Percent","239","units","0","v80691310","1.2","1.25","","","","2"
"2010-10-13","Canada","2016A000011124","Bank rate","Percent","239","units","0","v80691310","1.2","1.25","","","","2"
"2010-10-20","Canada","2016A000011124","Bank rate","Percent","239","units","0","v80691310","1.2","1.25","","","","2"
"2010-10-27","Canada","2016A000011124","Bank rate","Percent","239","units","0","v80691310","1.2","1.25","","","","2"
"2010-11-03","Canada","2016A000011124","Bank rate","Percent","239","units","0","v80691310","1.2","1.25","","","","2"
"2010-11-10","Canada","2016A000011124","Bank rate","Percent","239","units","0","v80691310","1.2","1.25","","","","2"
"2010-11-17","Canada","2016A000011124","Bank rate","Percent","239","units","0","v80691310","1.2","1.25","","","","2"
"2010-11-24","Canada","2016A000011124","Bank rate","Percent","239","units","0","v80691310","1.2","1.25","","","","2"
"2010-12-01","Canada","2016A000011124","Bank rate","Percent","239","units","0","v80691310","1.2","1.25","","","","2"
"2010-12-08","Canada","2016A000011124","Bank rate","Percent","239","units","0","v80691310","1.2","1.25","","","","2"
"2010-12-15","Canada","2016A000011124","Bank rate","Percent","239","units","0","v80691310","1.2","1.25","","","","2"
"2010-12-22","Canada","2016A000011124","Bank rate","Percent","239","units","0","v80691310","1.2","1.25","","","","2"
"2010-12-29","Canada","2016A000011124","Bank rate","Percent","239","units","0","v80691310","1.2","1.25","","","","2"
"2011-01-05","Canada","2016A000011124","Bank rate","Percent","239","units","0","v80691310","1.2","1.25","","","","2"
"2011-01-12","Canada","2016A000011124","Bank rate","Percent","239","units","0","v80691310","1.2","1.25","","","","2"
"2011-01-19","Canada","2016A000011124","Bank rate","Percent","239","units","0","v80691310","1.2","1.25","","","","2"
"2011-01-26","Canada","2016A000011124","Bank rate","Percent","239","units","0","v80691310","1.2","1.25","","","","2"
"2011-02-02","Canada","2016A000011124","Bank rate","Percent","239","units","0","v80691310","1.2","1.25","","","","2"
"2011-02-09","Canada","2016A000011124","Bank rate","Percent","239","units","0","v80691310","1.2","1.25","","","","2"
"2011-02-16","Canada","2016A000011124","Bank rate","Percent","239","units","0","v80691310","1.2","1.25","","","","2"
"2011-02-23","Canada","2016A000011124","Bank rate","Percent","239","units","0","v80691310","1.2","1.25","","","","2"
"2011-03-02","Canada","2016A000011124","Bank rate","Percent","239","units","0","v80691310","1.2","1.25","","","","2"
"2011-03-09","Canada","2016A000011124","Bank rate","Percent","239","units","0","v80691310","1.2","1.25","","","","2"
"2011-03-16","Canada","2016A000011124","Bank rate","Percent","239","units","0","v80691310","1.2","1.25","","","","2"
"2011-03-23","Canada","2016A000011124","Bank rate","Percent","239","units","0","v80691310","1.2","1.25","","","","2"
"2011-03-30","Canada","2016A000011124","Bank rate","Percent","239","units","0","v80691310","1.2","1.25","","","","2"
"2011-04-06","Canada","2016A000011124","Bank rate","Percent","239","units","0","v80691310","1.2","1.25","","","","2"
"2011-04-13","Canada","2016A000011124","Bank rate","Percent","239","units","0","v80691310","1.2","1.25","","","","2"
"2011-04-20","Canada","2016A000011124","Bank rate","Percent","239","units","0","v80691310","1.2","1.25","","","","2"
"2011-04-27","Canada","2016A000011124","Bank rate","Percent","239","units","0","v80691310","1.2","1.25","","","","2"
"2011-05-04","Canada","2016A000011124","Bank rate","Percent","239","units","0","v80691310","1.2","1.25","","","","2"
"2011-05-11","Canada","2016A000011124","Bank rate","Percent","239","units","0","v80691310","1.2","1.25","","","","2"
"2011-05-18","Canada","2016A000011124","Bank rate","Percent","239","units","0","v80691310","1.2","1.25","","","","2"
"2011-05-25","Canada","2016A000011124","Bank rate","Percent","239","units","0","v80691310","1.2","1.25","","","","2"
"2011-06-01","Canada","2016A000011124","Bank rate","Percent","239","units","0","v80691310","1.2","1.25","","","","2"
"2011-06-08","Canada","2016A000011124","Bank rate","Percent","239","units","0","v80691310","1.2","1.25","","","","2"
"2011-06-15","Canada","2016A000011124","Bank rate","Percent","239","units","0","v80691310","1.2","1.25","","","","2"
"2011-06-22","Canada","2016A000011124","Bank rate","Percent","239","units","0","v80691310","1.2","1.25","","","","2"
"2011-06-29","Canada","2016A000011124","Bank rate","Percent","239","units","0","v80691310","1.2","1.25","","","","2"
"2011-07-06","Canada","2016A000011124","Bank rate","Percent","239","units","0","v80691310","1.2","1.25","","","","2"
"2011-07-13","Canada","2016A000011124","Bank rate","Percent","239","units","0","v80691310","1.2","1.25","","","","2"
"2011-07-20","Canada","2016A000011124","Bank rate","Percent","239","units","0","v80691310","1.2","1.25","","","","2"
"2011-07-27","Canada","2016A000011124","Bank rate","Percent","239","units","0","v80691310","1.2","1.25","","","","2"
"2011-08-03","Canada","2016A000011124","Bank rate","Percent","239","units","0","v80691310","1.2","1.25","","","","2"
"2011-08-10","Canada","2016A000011124","Bank rate","Percent","239","units","0","v80691310","1.2","1.25","","","","2"
"2011-08-17","Canada","2016A000011124","Bank rate","Percent","239","units","0","v80691310","1.2","1.25","","","","2"
"2011-08-24","Canada","2016A000011124","Bank rate","Percent","239","units","0","v80691310","1.2","1.25","","","","2"
"2011-08-31","Canada","2016A000011124","Bank rate","Percent","239","units","0","v80691310","1.2","1.25","","","","2"
"2011-09-07","Canada","2016A000011124","Bank rate","Percent","239","units","0","v80691310","1.2","1.25","","","","2"
"2011-09-14","Canada","2016A000011124","Bank rate","Percent","239","units","0","v80691310","1.2","1.25","","","","2"
"2011-09-21","Canada","2016A000011124","Bank rate","Percent","239","units","0","v80691310","1.2","1.25","","","","2"
"2011-09-28","Canada","2016A000011124","Bank rate","Percent","239","units","0","v80691310","1.2","1.25","","","","2"
"2011-10-05","Canada","2016A000011124","Bank rate","Percent","239","units","0","v80691310","1.2","1.25","","","","2"
"2011-10-12","Canada","2016A000011124","Bank rate","Percent","239","units","0","v80691310","1.2","1.25","","","","2"
"2011-10-19","Canada","2016A000011124","Bank rate","Percent","239","units","0","v80691310","1.2","1.25","","","","2"
"2011-10-26","Canada","2016A000011124","Bank rate","Percent","239","units","0","v80691310","1.2","1.25","","","","2"
"2011-11-02","Canada","2016A000011124","Bank rate","Percent","239","units","0","v80691310","1.2","1.25","","","","2"
"2011-11-09","Canada","2016A000011124","Bank rate","Percent","239","units","0","v80691310","1.2","1.25","","","","2"
"2011-11-16","Canada","2016A000011124","Bank rate","Percent","239","units","0","v80691310","1.2","1.25","","","","2"
"2011-11-23","Canada","2016A000011124","Bank rate","Percent","239","units","0","v80691310","1.2","1.25","","","","2"
"2011-11-30","Canada","2016A000011124","Bank rate","Percent","239","units","0","v80691310","1.2","1.25","","","","2"
"2011-12-07","Canada","2016A000011124","Bank rate","Percent","239","units","0","v80691310","1.2","1.25","","","","2"
"2011-12-14","Canada","2016A000011124","Bank rate","Percent","239","units","0","v80691310","1.2","1.25","","","","2"
"2011-12-21","Canada","2016A000011124","Bank rate","Percent","239","units","0","v80691310","1.2","1.25","","","","2"
"2011-12-28","Canada","2016A000011124","Bank rate","Percent","239","units","0","v80691310","1.2","1.25","","","","2"
"2012-01-04","Canada","2016A000011124","Bank rate","Percent","239","units","0","v80691310","1.2","1.25","","","","2"
"2012-01-11","Canada","2016A000011124","Bank rate","Percent","239","units","0","v80691310","1.2","1.25","","","","2"
"2012-01-18","Canada","2016A000011124","Bank rate","Percent","239","units","0","v80691310","1.2","1.25","","","","2"
"2012-01-25","Canada","2016A000011124","Bank rate","Percent","239","units","0","v80691310","1.2","1.25","","","","2"
"2012-02-01","Canada","2016A000011124","Bank rate","Percent","239","units","0","v80691310","1.2","1.25","","","","2"
"2012-02-08","Canada","2016A000011124","Bank rate","Percent","239","units","0","v80691310","1.2","1.25","","","","2"
"2012-02-15","Canada","2016A000011124","Bank rate","Percent","239","units","0","v80691310","1.2","1.25","","","","2"
"2012-02-22","Canada","2016A000011124","Bank rate","Percent","239","units","0","v80691310","1.2","1.25","","","","2"
"2012-02-29","Canada","2016A000011124","Bank rate","Percent","239","units","0","v80691310","1.2","1.25","","","","2"
"2012-03-07","Canada","2016A000011124","Bank rate","Percent","239","units","0","v80691310","1.2","1.25","","","","2"
"2012-03-14","Canada","2016A000011124","Bank rate","Percent","239","units","0","v80691310","1.2","1.25","","","","2"
"2012-03-21","Canada","2016A000011124","Bank rate","Percent","239","units","0","v80691310","1.2","1.25","","","","2"
"2012-03-28","Canada","2016A000011124","Bank rate","Percent","239","units","0","v80691310","1.2","1.25","","","","2"
"2012-04-04","Canada","2016A000011124","Bank rate","Percent","239","units","0","v80691310","1.2","1.25","","","","2"
"2012-04-11","Canada","2016A000011124","Bank rate","Percent","239","units","0","v80691310","1.2","1.25","","","","2"
"2012-04-18","Canada","2016A000011124","Bank rate","Percent","239","units","0","v80691310","1.2","1.25","","","","2"
"2012-04-25","Canada","2016A000011124","Bank rate","Percent","239","units","0","v80691310","1.2","1.25","","","","2"
"2012-05-02","Canada","2016A000011124","Bank rate","Percent","239","units","0","v80691310","1.2","1.25","","","","2"
"2012-05-09","Canada","2016A000011124","Bank rate","Percent","239","units","0","v80691310","1.2","1.25","","","","2"
"2012-05-16","Canada","2016A000011124","Bank rate","Percent","239","units","0","v80691310","1.2","1.25","","","","2"
"2012-05-23","Canada","2016A000011124","Bank rate","Percent","239","units","0","v80691310","1.2","1.25","","","","2"
"2012-05-30","Canada","2016A000011124","Bank rate","Percent","239","units","0","v80691310","1.2","1.25","","","","2"
"2012-06-06","Canada","2016A000011124","Bank rate","Percent","239","units","0","v80691310","1.2","1.25","","","","2"
"2012-06-13","Canada","2016A000011124","Bank rate","Percent","239","units","0","v80691310","1.2","1.25","","","","2"
"2012-06-20","Canada","2016A000011124","Bank rate","Percent","239","units","0","v80691310","1.2","1.25","","","","2"
"2012-06-27","Canada","2016A000011124","Bank rate","Percent","239","units","0","v80691310","1.2","1.25","","","","2"
"2012-07-04","Canada","2016A000011124","Bank rate","Percent","239","units","0","v80691310","1.2","1.25","","","","2"
"2012-07-11","Canada","2016A000011124","Bank rate","Percent","239","units","0","v80691310","1.2","1.25","","","","2"
"2012-07-18","Canada","2016A000011124","Bank rate","Percent","239","units","0","v80691310","1.2","1.25","","","","2"
"2012-07-25","Canada","2016A000011124","Bank rate","Percent","239","units","0","v80691310","1.2","1.25","","","","2"
"2012-08-01","Canada","2016A000011124","Bank rate","Percent","239","units","0","v80691310","1.2","1.25","","","","2"
"2012-08-08","Canada","2016A000011124","Bank rate","Percent","239","units","0","v80691310","1.2","1.25","","","","2"
"2012-08-15","Canada","2016A000011124","Bank rate","Percent","239","units","0","v80691310","1.2","1.25","","","","2"
"2012-08-22","Canada","2016A000011124","Bank rate","Percent","239","units","0","v80691310","1.2","1.25","","","","2"
"2012-08-29","Canada","2016A000011124","Bank rate","Percent","239","units","0","v80691310","1.2","1.25","","","","2"
"2012-09-05","Canada","2016A000011124","Bank rate","Percent","239","units","0","v80691310","1.2","1.25","","","","2"
"2012-09-12","Canada","2016A000011124","Bank rate","Percent","239","units","0","v80691310","1.2","1.25","","","","2"
"2012-09-19","Canada","2016A000011124","Bank rate","Percent","239","units","0","v80691310","1.2","1.25","","","","2"
"2012-09-26","Canada","2016A000011124","Bank rate","Percent","239","units","0","v80691310","1.2","1.25","","","","2"
"2012-10-03","Canada","2016A000011124","Bank rate","Percent","239","units","0","v80691310","1.2","1.25","","","","2"
"2012-10-10","Canada","2016A000011124","Bank rate","Percent","239","units","0","v80691310","1.2","1.25","","","","2"
"2012-10-17","Canada","2016A000011124","Bank rate","Percent","239","units","0","v80691310","1.2","1.25","","","","2"
"2012-10-24","Canada","2016A000011124","Bank rate","Percent","239","units","0","v80691310","1.2","1.25","","","","2"
"2012-10-31","Canada","2016A000011124","Bank rate","Percent","239","units","0","v80691310","1.2","1.25","","","","2"
"2012-11-07","Canada","2016A000011124","Bank rate","Percent","239","units","0","v80691310","1.2","1.25","","","","2"
"2012-11-14","Canada","2016A000011124","Bank rate","Percent","239","units","0","v80691310","1.2","1.25","","","","2"
"2012-11-21","Canada","2016A000011124","Bank rate","Percent","239","units","0","v80691310","1.2","1.25","","","","2"
"2012-11-28","Canada","2016A000011124","Bank rate","Percent","239","units","0","v80691310","1.2","1.25","","","","2"
"2012-12-05","Canada","2016A000011124","Bank rate","Percent","239","units","0","v80691310","1.2","1.25","","","","2"
"2012-12-12","Canada","2016A000011124","Bank rate","Percent","239","units","0","v80691310","1.2","1.25","","","","2"
"2012-12-19","Canada","2016A000011124","Bank rate","Percent","239","units","0","v80691310","1.2","1.25","","","","2"
"2012-12-26","Canada","2016A000011124","Bank rate","Percent","239","units","0","v80691310","1.2","1.25","","","","2"
"2013-01-02","Canada","2016A000011124","Bank rate","Percent","239","units","0","v80691310","1.2","1.25","","","","2"
"2013-01-09","Canada","2016A000011124","Bank rate","Percent","239","units","0","v80691310","1.2","1.25","","","","2"
"2013-01-16","Canada","2016A000011124","Bank rate","Percent","239","units","0","v80691310","1.2","1.25","","","","2"
"2013-01-23","Canada","2016A000011124","Bank rate","Percent","239","units","0","v80691310","1.2","1.25","","","","2"
"2013-01-30","Canada","2016A000011124","Bank rate","Percent","239","units","0","v80691310","1.2","1.25","","","","2"
"2013-02-06","Canada","2016A000011124","Bank rate","Percent","239","units","0","v80691310","1.2","1.25","","","","2"
"2013-02-13","Canada","2016A000011124","Bank rate","Percent","239","units","0","v80691310","1.2","1.25","","","","2"
"2013-02-20","Canada","2016A000011124","Bank rate","Percent","239","units","0","v80691310","1.2","1.25","","","","2"
"2013-02-27","Canada","2016A000011124","Bank rate","Percent","239","units","0","v80691310","1.2","1.25","","","","2"
"2013-03-06","Canada","2016A000011124","Bank rate","Percent","239","units","0","v80691310","1.2","1.25","","","","2"
"2013-03-13","Canada","2016A000011124","Bank rate","Percent","239","units","0","v80691310","1.2","1.25","","","","2"
"2013-03-20","Canada","2016A000011124","Bank rate","Percent","239","units","0","v80691310","1.2","1.25","","","","2"
"2013-03-27","Canada","2016A000011124","Bank rate","Percent","239","units","0","v80691310","1.2","1.25","","","","2"
"2013-04-03","Canada","2016A000011124","Bank rate","Percent","239","units","0","v80691310","1.2","1.25","","","","2"
"2013-04-10","Canada","2016A000011124","Bank rate","Percent","239","units","0","v80691310","1.2","1.25","","","","2"
"2013-04-17","Canada","2016A000011124","Bank rate","Percent","239","units","0","v80691310","1.2","1.25","","","","2"
"2013-04-24","Canada","2016A000011124","Bank rate","Percent","239","units","0","v80691310","1.2","1.25","","","","2"
"2013-05-01","Canada","2016A000011124","Bank rate","Percent","239","units","0","v80691310","1.2","1.25","","","","2"
"2013-05-08","Canada","2016A000011124","Bank rate","Percent","239","units","0","v80691310","1.2","1.25","","","","2"
"2013-05-15","Canada","2016A000011124","Bank rate","Percent","239","units","0","v80691310","1.2","1.25","","","","2"
"2013-05-22","Canada","2016A000011124","Bank rate","Percent","239","units","0","v80691310","1.2","1.25","","","","2"
"2013-05-29","Canada","2016A000011124","Bank rate","Percent","239","units","0","v80691310","1.2","1.25","","","","2"
"2013-06-05","Canada","2016A000011124","Bank rate","Percent","239","units","0","v80691310","1.2","1.25","","","","2"
"2013-06-12","Canada","2016A000011124","Bank rate","Percent","239","units","0","v80691310","1.2","1.25","","","","2"
"2013-06-19","Canada","2016A000011124","Bank rate","Percent","239","units","0","v80691310","1.2","1.25","","","","2"
"2013-06-26","Canada","2016A000011124","Bank rate","Percent","239","units","0","v80691310","1.2","1.25","","","","2"
"2013-07-03","Canada","2016A000011124","Bank rate","Percent","239","units","0","v80691310","1.2","1.25","","","","2"
"2013-07-10","Canada","2016A000011124","Bank rate","Percent","239","units","0","v80691310","1.2","1.25","","","","2"
"2013-07-17","Canada","2016A000011124","Bank rate","Percent","239","units","0","v80691310","1.2","1.25","","","","2"
"2013-07-24","Canada","2016A000011124","Bank rate","Percent","239","units","0","v80691310","1.2","1.25","","","","2"
"2013-07-31","Canada","2016A000011124","Bank rate","Percent","239","units","0","v80691310","1.2","1.25","","","","2"
"2013-08-07","Canada","2016A000011124","Bank rate","Percent","239","units","0","v80691310","1.2","1.25","","","","2"
"2013-08-14","Canada","2016A000011124","Bank rate","Percent","239","units","0","v80691310","1.2","1.25","","","","2"
"2013-08-21","Canada","2016A000011124","Bank rate","Percent","239","units","0","v80691310","1.2","1.25","","","","2"
"2013-08-28","Canada","2016A000011124","Bank rate","Percent","239","units","0","v80691310","1.2","1.25","","","","2"
"2013-09-04","Canada","2016A000011124","Bank rate","Percent","239","units","0","v80691310","1.2","1.25","","","","2"
"2013-09-11","Canada","2016A000011124","Bank rate","Percent","239","units","0","v80691310","1.2","1.25","","","","2"
"2013-09-18","Canada","2016A000011124","Bank rate","Percent","239","units","0","v80691310","1.2","1.25","","","","2"
"2013-09-25","Canada","2016A000011124","Bank rate","Percent","239","units","0","v80691310","1.2","1.25","","","","2"
"2013-10-02","Canada","2016A000011124","Bank rate","Percent","239","units","0","v80691310","1.2","1.25","","","","2"
"2013-10-09","Canada","2016A000011124","Bank rate","Percent","239","units","0","v80691310","1.2","1.25","","","","2"
"2013-10-16","Canada","2016A000011124","Bank rate","Percent","239","units","0","v80691310","1.2","1.25","","","","2"
"2013-10-23","Canada","2016A000011124","Bank rate","Percent","239","units","0","v80691310","1.2","1.25","","","","2"
"2013-10-30","Canada","2016A000011124","Bank rate","Percent","239","units","0","v80691310","1.2","1.25","","","","2"
"2013-11-06","Canada","2016A000011124","Bank rate","Percent","239","units","0","v80691310","1.2","1.25","","","","2"
"2013-11-13","Canada","2016A000011124","Bank rate","Percent","239","units","0","v80691310","1.2","1.25","","","","2"
"2013-11-20","Canada","2016A000011124","Bank rate","Percent","239","units","0","v80691310","1.2","1.25","","","","2"
"2013-11-27","Canada","2016A000011124","Bank rate","Percent","239","units","0","v80691310","1.2","1.25","","","","2"
"2013-12-04","Canada","2016A000011124","Bank rate","Percent","239","units","0","v80691310","1.2","1.25","","","","2"
"2013-12-11","Canada","2016A000011124","Bank rate","Percent","239","units","0","v80691310","1.2","1.25","","","","2"
"2013-12-18","Canada","2016A000011124","Bank rate","Percent","239","units","0","v80691310","1.2","1.25","","","","2"
"2013-12-25","Canada","2016A000011124","Bank rate","Percent","239","units","0","v80691310","1.2","1.25","","","","2"
"2014-01-01","Canada","2016A000011124","Bank rate","Percent","239","units","0","v80691310","1.2","1.25","","","","2"
"2014-01-08","Canada","2016A000011124","Bank rate","Percent","239","units","0","v80691310","1.2","1.25","","","","2"
"2014-01-15","Canada","2016A000011124","Bank rate","Percent","239","units","0","v80691310","1.2","1.25","","","","2"
"2014-01-22","Canada","2016A000011124","Bank rate","Percent","239","units","0","v80691310","1.2","1.25","","","","2"
"2014-01-29","Canada","2016A000011124","Bank rate","Percent","239","units","0","v80691310","1.2","1.25","","","","2"
"2014-02-05","Canada","2016A000011124","Bank rate","Percent","239","units","0","v80691310","1.2","1.25","","","","2"
"2014-02-12","Canada","2016A000011124","Bank rate","Percent","239","units","0","v80691310","1.2","1.25","","","","2"
"2014-02-19","Canada","2016A000011124","Bank rate","Percent","239","units","0","v80691310","1.2","1.25","","","","2"
"2014-02-26","Canada","2016A000011124","Bank rate","Percent","239","units","0","v80691310","1.2","1.25","","","","2"
"2014-03-05","Canada","2016A000011124","Bank rate","Percent","239","units","0","v80691310","1.2","1.25","","","","2"
"2014-03-12","Canada","2016A000011124","Bank rate","Percent","239","units","0","v80691310","1.2","1.25","","","","2"
"2014-03-19","Canada","2016A000011124","Bank rate","Percent","239","units","0","v80691310","1.2","1.25","","","","2"
"2014-03-26","Canada","2016A000011124","Bank rate","Percent","239","units","0","v80691310","1.2","1.25","","","","2"
"2014-04-02","Canada","2016A000011124","Bank rate","Percent","239","units","0","v80691310","1.2","1.25","","","","2"
"2014-04-09","Canada","2016A000011124","Bank rate","Percent","239","units","0","v80691310","1.2","1.25","","","","2"
"2014-04-16","Canada","2016A000011124","Bank rate","Percent","239","units","0","v80691310","1.2","1.25","","","","2"
"2014-04-23","Canada","2016A000011124","Bank rate","Percent","239","units","0","v80691310","1.2","1.25","","","","2"
"2014-04-30","Canada","2016A000011124","Bank rate","Percent","239","units","0","v80691310","1.2","1.25","","","","2"
"2014-05-07","Canada","2016A000011124","Bank rate","Percent","239","units","0","v80691310","1.2","1.25","","","","2"
"2014-05-14","Canada","2016A000011124","Bank rate","Percent","239","units","0","v80691310","1.2","1.25","","","","2"
"2014-05-21","Canada","2016A000011124","Bank rate","Percent","239","units","0","v80691310","1.2","1.25","","","","2"
"2014-05-28","Canada","2016A000011124","Bank rate","Percent","239","units","0","v80691310","1.2","1.25","","","","2"
"2014-06-04","Canada","2016A000011124","Bank rate","Percent","239","units","0","v80691310","1.2","1.25","","","","2"
"2014-06-11","Canada","2016A000011124","Bank rate","Percent","239","units","0","v80691310","1.2","1.25","","","","2"
"2014-06-18","Canada","2016A000011124","Bank rate","Percent","239","units","0","v80691310","1.2","1.25","","","","2"
"2014-06-25","Canada","2016A000011124","Bank rate","Percent","239","units","0","v80691310","1.2","1.25","","","","2"
"2014-07-02","Canada","2016A000011124","Bank rate","Percent","239","units","0","v80691310","1.2","1.25","","","","2"
"2014-07-09","Canada","2016A000011124","Bank rate","Percent","239","units","0","v80691310","1.2","1.25","","","","2"
"2014-07-16","Canada","2016A000011124","Bank rate","Percent","239","units","0","v80691310","1.2","1.25","","","","2"
"2014-07-23","Canada","2016A000011124","Bank rate","Percent","239","units","0","v80691310","1.2","1.25","","","","2"
"2014-07-30","Canada","2016A000011124","Bank rate","Percent","239","units","0","v80691310","1.2","1.25","","","","2"
"2014-08-06","Canada","2016A000011124","Bank rate","Percent","239","units","0","v80691310","1.2","1.25","","","","2"
"2014-08-13","Canada","2016A000011124","Bank rate","Percent","239","units","0","v80691310","1.2","1.25","","","","2"
"2014-08-20","Canada","2016A000011124","Bank rate","Percent","239","units","0","v80691310","1.2","1.25","","","","2"
"2014-08-27","Canada","2016A000011124","Bank rate","Percent","239","units","0","v80691310","1.2","1.25","","","","2"
"2014-09-03","Canada","2016A000011124","Bank rate","Percent","239","units","0","v80691310","1.2","1.25","","","","2"
"2014-09-10","Canada","2016A000011124","Bank rate","Percent","239","units","0","v80691310","1.2","1.25","","","","2"
"2014-09-17","Canada","2016A000011124","Bank rate","Percent","239","units","0","v80691310","1.2","1.25","","","","2"
"2014-09-24","Canada","2016A000011124","Bank rate","Percent","239","units","0","v80691310","1.2","1.25","","","","2"
"2014-10-01","Canada","2016A000011124","Bank rate","Percent","239","units","0","v80691310","1.2","1.25","","","","2"
"2014-10-08","Canada","2016A000011124","Bank rate","Percent","239","units","0","v80691310","1.2","1.25","","","","2"
"2014-10-15","Canada","2016A000011124","Bank rate","Percent","239","units","0","v80691310","1.2","1.25","","","","2"
"2014-10-22","Canada","2016A000011124","Bank rate","Percent","239","units","0","v80691310","1.2","1.25","","","","2"
"2014-10-29","Canada","2016A000011124","Bank rate","Percent","239","units","0","v80691310","1.2","1.25","","","","2"
"2014-11-05","Canada","2016A000011124","Bank rate","Percent","239","units","0","v80691310","1.2","1.25","","","","2"
"2014-11-12","Canada","2016A000011124","Bank rate","Percent","239","units","0","v80691310","1.2","1.25","","","","2"
"2014-11-19","Canada","2016A000011124","Bank rate","Percent","239","units","0","v80691310","1.2","1.25","","","","2"
"2014-11-26","Canada","2016A000011124","Bank rate","Percent","239","units","0","v80691310","1.2","1.25","","","","2"
"2014-12-03","Canada","2016A000011124","Bank rate","Percent","239","units","0","v80691310","1.2","1.25","","","","2"
"2014-12-10","Canada","2016A000011124","Bank rate","Percent","239","units","0","v80691310","1.2","1.25","","","","2"
"2014-12-17","Canada","2016A000011124","Bank rate","Percent","239","units","0","v80691310","1.2","1.25","","","","2"
"2014-12-24","Canada","2016A000011124","Bank rate","Percent","239","units","0","v80691310","1.2","1.25","","","","2"
"2014-12-31","Canada","2016A000011124","Bank rate","Percent","239","units","0","v80691310","1.2","1.25","","","","2"
"2015-01-07","Canada","2016A000011124","Bank rate","Percent","239","units","0","v80691310","1.2","1.25","","","","2"
"2015-01-14","Canada","2016A000011124","Bank rate","Percent","239","units","0","v80691310","1.2","1.25","","","","2"
"2015-01-21","Canada","2016A000011124","Bank rate","Percent","239","units","0","v80691310","1.2","1.00","","","","2"
"2015-01-28","Canada","2016A000011124","Bank rate","Percent","239","units","0","v80691310","1.2","1.00","","","","2"
"2015-02-04","Canada","2016A000011124","Bank rate","Percent","239","units","0","v80691310","1.2","1.00","","","","2"
"2015-02-11","Canada","2016A000011124","Bank rate","Percent","239","units","0","v80691310","1.2","1.00","","","","2"
"2015-02-18","Canada","2016A000011124","Bank rate","Percent","239","units","0","v80691310","1.2","1.00","","","","2"
"2015-02-25","Canada","2016A000011124","Bank rate","Percent","239","units","0","v80691310","1.2","1.00","","","","2"
"2015-03-04","Canada","2016A000011124","Bank rate","Percent","239","units","0","v80691310","1.2","1.00","","","","2"
"2015-03-11","Canada","2016A000011124","Bank rate","Percent","239","units","0","v80691310","1.2","1.00","","","","2"
"2015-03-18","Canada","2016A000011124","Bank rate","Percent","239","units","0","v80691310","1.2","1.00","","","","2"
"2015-03-25","Canada","2016A000011124","Bank rate","Percent","239","units","0","v80691310","1.2","1.00","","","","2"
"2015-04-01","Canada","2016A000011124","Bank rate","Percent","239","units","0","v80691310","1.2","1.00","","","","2"
"2015-04-08","Canada","2016A000011124","Bank rate","Percent","239","units","0","v80691310","1.2","1.00","","","","2"
"2015-04-15","Canada","2016A000011124","Bank rate","Percent","239","units","0","v80691310","1.2","1.00","","","","2"
"2015-04-22","Canada","2016A000011124","Bank rate","Percent","239","units","0","v80691310","1.2","1.00","","","","2"
"2015-04-29","Canada","2016A000011124","Bank rate","Percent","239","units","0","v80691310","1.2","1.00","","","","2"
"2015-05-06","Canada","2016A000011124","Bank rate","Percent","239","units","0","v80691310","1.2","1.00","","","","2"
"2015-05-13","Canada","2016A000011124","Bank rate","Percent","239","units","0","v80691310","1.2","1.00","","","","2"
"2015-05-20","Canada","2016A000011124","Bank rate","Percent","239","units","0","v80691310","1.2","1.00","","","","2"
"2015-05-27","Canada","2016A000011124","Bank rate","Percent","239","units","0","v80691310","1.2","1.00","","","","2"
"2015-06-03","Canada","2016A000011124","Bank rate","Percent","239","units","0","v80691310","1.2","1.00","","","","2"
"2015-06-10","Canada","2016A000011124","Bank rate","Percent","239","units","0","v80691310","1.2","1.00","","","","2"
"2015-06-17","Canada","2016A000011124","Bank rate","Percent","239","units","0","v80691310","1.2","1.00","","","","2"
"2015-06-24","Canada","2016A000011124","Bank rate","Percent","239","units","0","v80691310","1.2","1.00","","","","2"
"2015-07-01","Canada","2016A000011124","Bank rate","Percent","239","units","0","v80691310","1.2","1.00","","","","2"
"2015-07-08","Canada","2016A000011124","Bank rate","Percent","239","units","0","v80691310","1.2","1.00","","","","2"
"2015-07-15","Canada","2016A000011124","Bank rate","Percent","239","units","0","v80691310","1.2","0.75","","","","2"
"2015-07-22","Canada","2016A000011124","Bank rate","Percent","239","units","0","v80691310","1.2","0.75","","","","2"
"2015-07-29","Canada","2016A000011124","Bank rate","Percent","239","units","0","v80691310","1.2","0.75","","","","2"
"2015-08-05","Canada","2016A000011124","Bank rate","Percent","239","units","0","v80691310","1.2","0.75","","","","2"
"2015-08-12","Canada","2016A000011124","Bank rate","Percent","239","units","0","v80691310","1.2","0.75","","","","2"
"2015-08-19","Canada","2016A000011124","Bank rate","Percent","239","units","0","v80691310","1.2","0.75","","","","2"
"2015-08-26","Canada","2016A000011124","Bank rate","Percent","239","units","0","v80691310","1.2","0.75","","","","2"
"2015-09-02","Canada","2016A000011124","Bank rate","Percent","239","units","0","v80691310","1.2","0.75","","","","2"
"2015-09-09","Canada","2016A000011124","Bank rate","Percent","239","units","0","v80691310","1.2","0.75","","","","2"
"2015-09-16","Canada","2016A000011124","Bank rate","Percent","239","units","0","v80691310","1.2","0.75","","","","2"
"2015-09-23","Canada","2016A000011124","Bank rate","Percent","239","units","0","v80691310","1.2","0.75","","","","2"
"2015-09-30","Canada","2016A000011124","Bank rate","Percent","239","units","0","v80691310","1.2","0.75","","","","2"
"2015-10-07","Canada","2016A000011124","Bank rate","Percent","239","units","0","v80691310","1.2","0.75","","","","2"
"2015-10-14","Canada","2016A000011124","Bank rate","Percent","239","units","0","v80691310","1.2","0.75","","","","2"
"2015-10-21","Canada","2016A000011124","Bank rate","Percent","239","units","0","v80691310","1.2","0.75","","","","2"
"2015-10-28","Canada","2016A000011124","Bank rate","Percent","239","units","0","v80691310","1.2","0.75","","","","2"
"2015-11-04","Canada","2016A000011124","Bank rate","Percent","239","units","0","v80691310","1.2","0.75","","","","2"
"2015-11-11","Canada","2016A000011124","Bank rate","Percent","239","units","0","v80691310","1.2","0.75","","","","2"
"2015-11-18","Canada","2016A000011124","Bank rate","Percent","239","units","0","v80691310","1.2","0.75","","","","2"
"2015-11-25","Canada","2016A000011124","Bank rate","Percent","239","units","0","v80691310","1.2","0.75","","","","2"
"2015-12-02","Canada","2016A000011124","Bank rate","Percent","239","units","0","v80691310","1.2","0.75","","","","2"
"2015-12-09","Canada","2016A000011124","Bank rate","Percent","239","units","0","v80691310","1.2","0.75","","","","2"
"2015-12-16","Canada","2016A000011124","Bank rate","Percent","239","units","0","v80691310","1.2","0.75","","","","2"
"2015-12-23","Canada","2016A000011124","Bank rate","Percent","239","units","0","v80691310","1.2","0.75","","","","2"
"2015-12-30","Canada","2016A000011124","Bank rate","Percent","239","units","0","v80691310","1.2","0.75","","","","2"
"2016-01-06","Canada","2016A000011124","Bank rate","Percent","239","units","0","v80691310","1.2","0.75","","","","2"
"2016-01-13","Canada","2016A000011124","Bank rate","Percent","239","units","0","v80691310","1.2","0.75","","","","2"
"2016-01-20","Canada","2016A000011124","Bank rate","Percent","239","units","0","v80691310","1.2","0.75","","","","2"
"2016-01-27","Canada","2016A000011124","Bank rate","Percent","239","units","0","v80691310","1.2","0.75","","","","2"
"2016-02-03","Canada","2016A000011124","Bank rate","Percent","239","units","0","v80691310","1.2","0.75","","","","2"
"2016-02-10","Canada","2016A000011124","Bank rate","Percent","239","units","0","v80691310","1.2","0.75","","","","2"
"2016-02-17","Canada","2016A000011124","Bank rate","Percent","239","units","0","v80691310","1.2","0.75","","","","2"
"2016-02-24","Canada","2016A000011124","Bank rate","Percent","239","units","0","v80691310","1.2","0.75","","","","2"
"2016-03-02","Canada","2016A000011124","Bank rate","Percent","239","units","0","v80691310","1.2","0.75","","","","2"
"2016-03-09","Canada","2016A000011124","Bank rate","Percent","239","units","0","v80691310","1.2","0.75","","","","2"
"2016-03-16","Canada","2016A000011124","Bank rate","Percent","239","units","0","v80691310","1.2","0.75","","","","2"
"2016-03-23","Canada","2016A000011124","Bank rate","Percent","239","units","0","v80691310","1.2","0.75","","","","2"
"2016-03-30","Canada","2016A000011124","Bank rate","Percent","239","units","0","v80691310","1.2","0.75","","","","2"
"2016-04-06","Canada","2016A000011124","Bank rate","Percent","239","units","0","v80691310","1.2","0.75","","","","2"
"2016-04-13","Canada","2016A000011124","Bank rate","Percent","239","units","0","v80691310","1.2","0.75","","","","2"
"2016-04-20","Canada","2016A000011124","Bank rate","Percent","239","units","0","v80691310","1.2","0.75","","","","2"
"2016-04-27","Canada","2016A000011124","Bank rate","Percent","239","units","0","v80691310","1.2","0.75","","","","2"
"2016-05-04","Canada","2016A000011124","Bank rate","Percent","239","units","0","v80691310","1.2","0.75","","","","2"
"2016-05-11","Canada","2016A000011124","Bank rate","Percent","239","units","0","v80691310","1.2","0.75","","","","2"
"2016-05-18","Canada","2016A000011124","Bank rate","Percent","239","units","0","v80691310","1.2","0.75","","","","2"
"2016-05-25","Canada","2016A000011124","Bank rate","Percent","239","units","0","v80691310","1.2","0.75","","","","2"
"2016-06-01","Canada","2016A000011124","Bank rate","Percent","239","units","0","v80691310","1.2","0.75","","","","2"
"2016-06-08","Canada","2016A000011124","Bank rate","Percent","239","units","0","v80691310","1.2","0.75","","","","2"
"2016-06-15","Canada","2016A000011124","Bank rate","Percent","239","units","0","v80691310","1.2","0.75","","","","2"
"2016-06-22","Canada","2016A000011124","Bank rate","Percent","239","units","0","v80691310","1.2","0.75","","","","2"
"2016-06-29","Canada","2016A000011124","Bank rate","Percent","239","units","0","v80691310","1.2","0.75","","","","2"
"2016-07-06","Canada","2016A000011124","Bank rate","Percent","239","units","0","v80691310","1.2","0.75","","","","2"
"2016-07-13","Canada","2016A000011124","Bank rate","Percent","239","units","0","v80691310","1.2","0.75","","","","2"
"2016-07-20","Canada","2016A000011124","Bank rate","Percent","239","units","0","v80691310","1.2","0.75","","","","2"
"2016-07-27","Canada","2016A000011124","Bank rate","Percent","239","units","0","v80691310","1.2","0.75","","","","2"
"2016-08-03","Canada","2016A000011124","Bank rate","Percent","239","units","0","v80691310","1.2","0.75","","","","2"
"2016-08-10","Canada","2016A000011124","Bank rate","Percent","239","units","0","v80691310","1.2","0.75","","","","2"
"2016-08-17","Canada","2016A000011124","Bank rate","Percent","239","units","0","v80691310","1.2","0.75","","","","2"
"2016-08-24","Canada","2016A000011124","Bank rate","Percent","239","units","0","v80691310","1.2","0.75","","","","2"
"2016-08-31","Canada","2016A000011124","Bank rate","Percent","239","units","0","v80691310","1.2","0.75","","","","2"
"2016-09-07","Canada","2016A000011124","Bank rate","Percent","239","units","0","v80691310","1.2","0.75","","","","2"
"2016-09-14","Canada","2016A000011124","Bank rate","Percent","239","units","0","v80691310","1.2","0.75","","","","2"
"2016-09-21","Canada","2016A000011124","Bank rate","Percent","239","units","0","v80691310","1.2","0.75","","","","2"
"2016-09-28","Canada","2016A000011124","Bank rate","Percent","239","units","0","v80691310","1.2","0.75","","","","2"
"2016-10-05","Canada","2016A000011124","Bank rate","Percent","239","units","0","v80691310","1.2","0.75","","","","2"
"2016-10-12","Canada","2016A000011124","Bank rate","Percent","239","units","0","v80691310","1.2","0.75","","","","2"
"2016-10-19","Canada","2016A000011124","Bank rate","Percent","239","units","0","v80691310","1.2","0.75","","","","2"
"2016-10-26","Canada","2016A000011124","Bank rate","Percent","239","units","0","v80691310","1.2","0.75","","","","2"
"2016-11-02","Canada","2016A000011124","Bank rate","Percent","239","units","0","v80691310","1.2","0.75","","","","2"
"2016-11-09","Canada","2016A000011124","Bank rate","Percent","239","units","0","v80691310","1.2","0.75","","","","2"
"2016-11-16","Canada","2016A000011124","Bank rate","Percent","239","units","0","v80691310","1.2","0.75","","","","2"
"2016-11-23","Canada","2016A000011124","Bank rate","Percent","239","units","0","v80691310","1.2","0.75","","","","2"
"2016-11-30","Canada","2016A000011124","Bank rate","Percent","239","units","0","v80691310","1.2","0.75","","","","2"
"2016-12-07","Canada","2016A000011124","Bank rate","Percent","239","units","0","v80691310","1.2","0.75","","","","2"
"2016-12-14","Canada","2016A000011124","Bank rate","Percent","239","units","0","v80691310","1.2","0.75","","","","2"
"2016-12-21","Canada","2016A000011124","Bank rate","Percent","239","units","0","v80691310","1.2","0.75","","","","2"
"2016-12-28","Canada","2016A000011124","Bank rate","Percent","239","units","0","v80691310","1.2","0.75","","","","2"
"2017-01-04","Canada","2016A000011124","Bank rate","Percent","239","units","0","v80691310","1.2","0.75","","","","2"
"2017-01-11","Canada","2016A000011124","Bank rate","Percent","239","units","0","v80691310","1.2","0.75","","","","2"
"2017-01-18","Canada","2016A000011124","Bank rate","Percent","239","units","0","v80691310","1.2","0.75","","","","2"
"2017-01-25","Canada","2016A000011124","Bank rate","Percent","239","units","0","v80691310","1.2","0.75","","","","2"
"2017-02-01","Canada","2016A000011124","Bank rate","Percent","239","units","0","v80691310","1.2","0.75","","","","2"
"2017-02-08","Canada","2016A000011124","Bank rate","Percent","239","units","0","v80691310","1.2","0.75","","","","2"
"2017-02-15","Canada","2016A000011124","Bank rate","Percent","239","units","0","v80691310","1.2","0.75","","","","2"
"2017-02-22","Canada","2016A000011124","Bank rate","Percent","239","units","0","v80691310","1.2","0.75","","","","2"
"2017-03-01","Canada","2016A000011124","Bank rate","Percent","239","units","0","v80691310","1.2","0.75","","","","2"
"2017-03-08","Canada","2016A000011124","Bank rate","Percent","239","units","0","v80691310","1.2","0.75","","","","2"
"2017-03-15","Canada","2016A000011124","Bank rate","Percent","239","units","0","v80691310","1.2","0.75","","","","2"
"2017-03-22","Canada","2016A000011124","Bank rate","Percent","239","units","0","v80691310","1.2","0.75","","","","2"
"2017-03-29","Canada","2016A000011124","Bank rate","Percent","239","units","0","v80691310","1.2","0.75","","","","2"
"2017-04-05","Canada","2016A000011124","Bank rate","Percent","239","units","0","v80691310","1.2","0.75","","","","2"
"2017-04-12","Canada","2016A000011124","Bank rate","Percent","239","units","0","v80691310","1.2","0.75","","","","2"
"2017-04-19","Canada","2016A000011124","Bank rate","Percent","239","units","0","v80691310","1.2","0.75","","","","2"
"2017-04-26","Canada","2016A000011124","Bank rate","Percent","239","units","0","v80691310","1.2","0.75","","","","2"
"2017-05-03","Canada","2016A000011124","Bank rate","Percent","239","units","0","v80691310","1.2","0.75","","","","2"
"2017-05-10","Canada","2016A000011124","Bank rate","Percent","239","units","0","v80691310","1.2","0.75","","","","2"
"2017-05-17","Canada","2016A000011124","Bank rate","Percent","239","units","0","v80691310","1.2","0.75","","","","2"
"2017-05-24","Canada","2016A000011124","Bank rate","Percent","239","units","0","v80691310","1.2","0.75","","","","2"
"2017-05-31","Canada","2016A000011124","Bank rate","Percent","239","units","0","v80691310","1.2","0.75","","","","2"
"2017-06-07","Canada","2016A000011124","Bank rate","Percent","239","units","0","v80691310","1.2","0.75","","","","2"
"2017-06-14","Canada","2016A000011124","Bank rate","Percent","239","units","0","v80691310","1.2","0.75","","","","2"
"2017-06-21","Canada","2016A000011124","Bank rate","Percent","239","units","0","v80691310","1.2","0.75","","","","2"
"2017-06-28","Canada","2016A000011124","Bank rate","Percent","239","units","0","v80691310","1.2","0.75","","","","2"
"2017-07-05","Canada","2016A000011124","Bank rate","Percent","239","units","0","v80691310","1.2","0.75","","","","2"
"2017-07-12","Canada","2016A000011124","Bank rate","Percent","239","units","0","v80691310","1.2","1.00","","","","2"
"2017-07-19","Canada","2016A000011124","Bank rate","Percent","239","units","0","v80691310","1.2","1.00","","","","2"
"2017-07-26","Canada","2016A000011124","Bank rate","Percent","239","units","0","v80691310","1.2","1.00","","","","2"
"2017-08-02","Canada","2016A000011124","Bank rate","Percent","239","units","0","v80691310","1.2","1.00","","","","2"
"2017-08-09","Canada","2016A000011124","Bank rate","Percent","239","units","0","v80691310","1.2","1.00","","","","2"
"2017-08-16","Canada","2016A000011124","Bank rate","Percent","239","units","0","v80691310","1.2","1.00","","","","2"
"2017-08-23","Canada","2016A000011124","Bank rate","Percent","239","units","0","v80691310","1.2","1.00","","","","2"
"2017-08-30","Canada","2016A000011124","Bank rate","Percent","239","units","0","v80691310","1.2","1.00","","","","2"
"2017-09-06","Canada","2016A000011124","Bank rate","Percent","239","units","0","v80691310","1.2","1.25","","","","2"
"2017-09-13","Canada","2016A000011124","Bank rate","Percent","239","units","0","v80691310","1.2","1.25","","","","2"
"2017-09-20","Canada","2016A000011124","Bank rate","Percent","239","units","0","v80691310","1.2","1.25","","","","2"
"2017-09-27","Canada","2016A000011124","Bank rate","Percent","239","units","0","v80691310","1.2","1.25","","","","2"
"2017-10-04","Canada","2016A000011124","Bank rate","Percent","239","units","0","v80691310","1.2","1.25","","","","2"
"2017-10-11","Canada","2016A000011124","Bank rate","Percent","239","units","0","v80691310","1.2","1.25","","","","2"
"2017-10-18","Canada","2016A000011124","Bank rate","Percent","239","units","0","v80691310","1.2","1.25","","","","2"
"2017-10-25","Canada","2016A000011124","Bank rate","Percent","239","units","0","v80691310","1.2","1.25","","","","2"
"2017-11-01","Canada","2016A000011124","Bank rate","Percent","239","units","0","v80691310","1.2","1.25","","","","2"
"2017-11-08","Canada","2016A000011124","Bank rate","Percent","239","units","0","v80691310","1.2","1.25","","","","2"
"2017-11-15","Canada","2016A000011124","Bank rate","Percent","239","units","0","v80691310","1.2","1.25","","","","2"
"2017-11-22","Canada","2016A000011124","Bank rate","Percent","239","units","0","v80691310","1.2","1.25","","","","2"
"2017-11-29","Canada","2016A000011124","Bank rate","Percent","239","units","0","v80691310","1.2","1.25","","","","2"
"2017-12-06","Canada","2016A000011124","Bank rate","Percent","239","units","0","v80691310","1.2","1.25","","","","2"
"2017-12-13","Canada","2016A000011124","Bank rate","Percent","239","units","0","v80691310","1.2","1.25","","","","2"
"2017-12-20","Canada","2016A000011124","Bank rate","Percent","239","units","0","v80691310","1.2","1.25","","","","2"
"2017-12-27","Canada","2016A000011124","Bank rate","Percent","239","units","0","v80691310","1.2","1.25","","","","2"
"2018-01-03","Canada","2016A000011124","Bank rate","Percent","239","units","0","v80691310","1.2","1.25","","","","2"
"2018-01-10","Canada","2016A000011124","Bank rate","Percent","239","units","0","v80691310","1.2","1.25","","","","2"
"2018-01-17","Canada","2016A000011124","Bank rate","Percent","239","units","0","v80691310","1.2","1.50","","","","2"
"2018-01-24","Canada","2016A000011124","Bank rate","Percent","239","units","0","v80691310","1.2","1.50","","","","2"
"2018-01-31","Canada","2016A000011124","Bank rate","Percent","239","units","0","v80691310","1.2","1.50","","","","2"
"2018-02-07","Canada","2016A000011124","Bank rate","Percent","239","units","0","v80691310","1.2","1.50","","","","2"
"2018-02-14","Canada","2016A000011124","Bank rate","Percent","239","units","0","v80691310","1.2","1.50","","","","2"
"2018-02-21","Canada","2016A000011124","Bank rate","Percent","239","units","0","v80691310","1.2","1.50","","","","2"
"2018-02-28","Canada","2016A000011124","Bank rate","Percent","239","units","0","v80691310","1.2","1.50","","","","2"
"2018-03-07","Canada","2016A000011124","Bank rate","Percent","239","units","0","v80691310","1.2","1.50","","","","2"
"2018-03-14","Canada","2016A000011124","Bank rate","Percent","239","units","0","v80691310","1.2","1.50","","","","2"
"2018-03-21","Canada","2016A000011124","Bank rate","Percent","239","units","0","v80691310","1.2","1.50","","","","2"
"2018-03-28","Canada","2016A000011124","Bank rate","Percent","239","units","0","v80691310","1.2","1.50","","","","2"
"2018-04-04","Canada","2016A000011124","Bank rate","Percent","239","units","0","v80691310","1.2","1.50","","","","2"
"2018-04-11","Canada","2016A000011124","Bank rate","Percent","239","units","0","v80691310","1.2","1.50","","","","2"
"2018-04-18","Canada","2016A000011124","Bank rate","Percent","239","units","0","v80691310","1.2","1.50","","","","2"
"2018-04-25","Canada","2016A000011124","Bank rate","Percent","239","units","0","v80691310","1.2","1.50","","","","2"
"2018-05-02","Canada","2016A000011124","Bank rate","Percent","239","units","0","v80691310","1.2","1.50","","","","2"
"2018-05-09","Canada","2016A000011124","Bank rate","Percent","239","units","0","v80691310","1.2","1.50","","","","2"
"2018-05-16","Canada","2016A000011124","Bank rate","Percent","239","units","0","v80691310","1.2","1.50","","","","2"
"2018-05-23","Canada","2016A000011124","Bank rate","Percent","239","units","0","v80691310","1.2","1.50","","","","2"
"2018-05-30","Canada","2016A000011124","Bank rate","Percent","239","units","0","v80691310","1.2","1.50","","","","2"
"2018-06-06","Canada","2016A000011124","Bank rate","Percent","239","units","0","v80691310","1.2","1.50","","","","2"
"2018-06-13","Canada","2016A000011124","Bank rate","Percent","239","units","0","v80691310","1.2","1.50","","","","2"
"2018-06-20","Canada","2016A000011124","Bank rate","Percent","239","units","0","v80691310","1.2","1.50","","","","2"
"2018-06-27","Canada","2016A000011124","Bank rate","Percent","239","units","0","v80691310","1.2","1.50","","","","2"
"2018-07-04","Canada","2016A000011124","Bank rate","Percent","239","units","0","v80691310","1.2","1.50","","","","2"
"2018-07-11","Canada","2016A000011124","Bank rate","Percent","239","units","0","v80691310","1.2","1.75","","","","2"
"2018-07-18","Canada","2016A000011124","Bank rate","Percent","239","units","0","v80691310","1.2","1.75","","","","2"
"2018-07-25","Canada","2016A000011124","Bank rate","Percent","239","units","0","v80691310","1.2","1.75","","","","2"
"2018-08-01","Canada","2016A000011124","Bank rate","Percent","239","units","0","v80691310","1.2","1.75","","","","2"
"2018-08-08","Canada","2016A000011124","Bank rate","Percent","239","units","0","v80691310","1.2","1.75","","","","2"
"2018-08-15","Canada","2016A000011124","Bank rate","Percent","239","units","0","v80691310","1.2","1.75","","","","2"
"2018-08-22","Canada","2016A000011124","Bank rate","Percent","239","units","0","v80691310","1.2","1.75","","","","2"
"2018-08-29","Canada","2016A000011124","Bank rate","Percent","239","units","0","v80691310","1.2","1.75","","","","2"
"2018-09-05","Canada","2016A000011124","Bank rate","Percent","239","units","0","v80691310","1.2","1.75","","","","2"
"2018-09-12","Canada","2016A000011124","Bank rate","Percent","239","units","0","v80691310","1.2","1.75","","","","2"
"2018-09-19","Canada","2016A000011124","Bank rate","Percent","239","units","0","v80691310","1.2","1.75","","","","2"
"2018-09-26","Canada","2016A000011124","Bank rate","Percent","239","units","0","v80691310","1.2","1.75","","","","2"
"2018-10-03","Canada","2016A000011124","Bank rate","Percent","239","units","0","v80691310","1.2","1.75","","","","2"
"2018-10-10","Canada","2016A000011124","Bank rate","Percent","239","units","0","v80691310","1.2","1.75","","","","2"
"2018-10-17","Canada","2016A000011124","Bank rate","Percent","239","units","0","v80691310","1.2","1.75","","","","2"
"2018-10-24","Canada","2016A000011124","Bank rate","Percent","239","units","0","v80691310","1.2","2.00","","","","2"
"2018-10-31","Canada","2016A000011124","Bank rate","Percent","239","units","0","v80691310","1.2","2.00","","","","2"
"2018-11-07","Canada","2016A000011124","Bank rate","Percent","239","units","0","v80691310","1.2","2.00","","","","2"
"2018-11-14","Canada","2016A000011124","Bank rate","Percent","239","units","0","v80691310","1.2","2.00","","","","2"
"2018-11-21","Canada","2016A000011124","Bank rate","Percent","239","units","0","v80691310","1.2","2.00","","","","2"
"2018-11-28","Canada","2016A000011124","Bank rate","Percent","239","units","0","v80691310","1.2","2.00","","","","2"
"2018-12-05","Canada","2016A000011124","Bank rate","Percent","239","units","0","v80691310","1.2","2.00","","","","2"
"2018-12-12","Canada","2016A000011124","Bank rate","Percent","239","units","0","v80691310","1.2","2.00","","","","2"
"2018-12-19","Canada","2016A000011124","Bank rate","Percent","239","units","0","v80691310","1.2","2.00","","","","2"
"2018-12-26","Canada","2016A000011124","Bank rate","Percent","239","units","0","v80691310","1.2","2.00","","","","2"
"2019-01-02","Canada","2016A000011124","Bank rate","Percent","239","units","0","v80691310","1.2","2.00","","","","2"
"2019-01-09","Canada","2016A000011124","Bank rate","Percent","239","units","0","v80691310","1.2","2.00","","","","2"
"2019-01-16","Canada","2016A000011124","Bank rate","Percent","239","units","0","v80691310","1.2","2.00","","","","2"
"2019-01-23","Canada","2016A000011124","Bank rate","Percent","239","units","0","v80691310","1.2","2.00","","","","2"
"2019-01-30","Canada","2016A000011124","Bank rate","Percent","239","units","0","v80691310","1.2","2.00","","","","2"
"2019-02-06","Canada","2016A000011124","Bank rate","Percent","239","units","0","v80691310","1.2","2.00","","","","2"
"2019-02-13","Canada","2016A000011124","Bank rate","Percent","239","units","0","v80691310","1.2","2.00","","","","2"
"2019-02-20","Canada","2016A000011124","Bank rate","Percent","239","units","0","v80691310","1.2","2.00","","","","2"
"2019-02-27","Canada","2016A000011124","Bank rate","Percent","239","units","0","v80691310","1.2","2.00","","","","2"
"2019-03-06","Canada","2016A000011124","Bank rate","Percent","239","units","0","v80691310","1.2","2.00","","","","2"
"2019-03-13","Canada","2016A000011124","Bank rate","Percent","239","units","0","v80691310","1.2","2.00","","","","2"
"2019-03-20","Canada","2016A000011124","Bank rate","Percent","239","units","0","v80691310","1.2","2.00","","","","2"
"2019-03-27","Canada","2016A000011124","Bank rate","Percent","239","units","0","v80691310","1.2","2.00","","","","2"
"2019-04-03","Canada","2016A000011124","Bank rate","Percent","239","units","0","v80691310","1.2","2.00","","","","2"
"2019-04-10","Canada","2016A000011124","Bank rate","Percent","239","units","0","v80691310","1.2","2.00","","","","2"
"2019-04-17","Canada","2016A000011124","Bank rate","Percent","239","units","0","v80691310","1.2","2.00","","","","2"
"2019-04-24","Canada","2016A000011124","Bank rate","Percent","239","units","0","v80691310","1.2","2.00","","","","2"
"2019-05-01","Canada","2016A000011124","Bank rate","Percent","239","units","0","v80691310","1.2","2.00","","","","2"
"2019-05-08","Canada","2016A000011124","Bank rate","Percent","239","units","0","v80691310","1.2","2.00","","","","2"
"2019-05-15","Canada","2016A000011124","Bank rate","Percent","239","units","0","v80691310","1.2","2.00","","","","2"
"2019-05-22","Canada","2016A000011124","Bank rate","Percent","239","units","0","v80691310","1.2","2.00","","","","2"
"2019-05-29","Canada","2016A000011124","Bank rate","Percent","239","units","0","v80691310","1.2","2.00","","","","2"
"2019-06-05","Canada","2016A000011124","Bank rate","Percent","239","units","0","v80691310","1.2","2.00","","","","2"
"2019-06-12","Canada","2016A000011124","Bank rate","Percent","239","units","0","v80691310","1.2","2.00","","","","2"
"2019-06-19","Canada","2016A000011124","Bank rate","Percent","239","units","0","v80691310","1.2","2.00","","","","2"
"2019-06-26","Canada","2016A000011124","Bank rate","Percent","239","units","0","v80691310","1.2","2.00","","","","2"
"2019-07-03","Canada","2016A000011124","Bank rate","Percent","239","units","0","v80691310","1.2","2.00","","","","2"
"2019-07-10","Canada","2016A000011124","Bank rate","Percent","239","units","0","v80691310","1.2","2.00","","","","2"
"2019-07-17","Canada","2016A000011124","Bank rate","Percent","239","units","0","v80691310","1.2","2.00","","","","2"
"2019-07-24","Canada","2016A000011124","Bank rate","Percent","239","units","0","v80691310","1.2","2.00","","","","2"
"2019-07-31","Canada","2016A000011124","Bank rate","Percent","239","units","0","v80691310","1.2","2.00","","","","2"
"2019-08-07","Canada","2016A000011124","Bank rate","Percent","239","units","0","v80691310","1.2","2.00","","","","2"
"2019-08-14","Canada","2016A000011124","Bank rate","Percent","239","units","0","v80691310","1.2","2.00","","","","2"
"2019-08-21","Canada","2016A000011124","Bank rate","Percent","239","units","0","v80691310","1.2","2.00","","","","2"
"2019-08-28","Canada","2016A000011124","Bank rate","Percent","239","units","0","v80691310","1.2","2.00","","","","2"
"2019-09-04","Canada","2016A000011124","Bank rate","Percent","239","units","0","v80691310","1.2","2.00","","","","2"
"2019-09-11","Canada","2016A000011124","Bank rate","Percent","239","units","0","v80691310","1.2","2.00","","","","2"
"2019-09-18","Canada","2016A000011124","Bank rate","Percent","239","units","0","v80691310","1.2","2.00","","","","2"
"2019-09-25","Canada","2016A000011124","Bank rate","Percent","239","units","0","v80691310","1.2","2.00","","","","2"
"2019-10-02","Canada","2016A000011124","Bank rate","Percent","239","units","0","v80691310","1.2","2.00","","","","2"
"2019-10-09","Canada","2016A000011124","Bank rate","Percent","239","units","0","v80691310","1.2","2.00","","","","2"
"2019-10-16","Canada","2016A000011124","Bank rate","Percent","239","units","0","v80691310","1.2","2.00","","","","2"
"2019-10-23","Canada","2016A000011124","Bank rate","Percent","239","units","0","v80691310","1.2","2.00","","","","2"
"2019-10-30","Canada","2016A000011124","Bank rate","Percent","239","units","0","v80691310","1.2","2.00","","","","2"
"2019-11-06","Canada","2016A000011124","Bank rate","Percent","239","units","0","v80691310","1.2","2.00","","","","2"
"2019-11-13","Canada","2016A000011124","Bank rate","Percent","239","units","0","v80691310","1.2","2.00","","","","2"
"2019-11-20","Canada","2016A000011124","Bank rate","Percent","239","units","0","v80691310","1.2","2.00","","","","2"
"2019-11-27","Canada","2016A000011124","Bank rate","Percent","239","units","0","v80691310","1.2","2.00","","","","2"
"2019-12-04","Canada","2016A000011124","Bank rate","Percent","239","units","0","v80691310","1.2","2.00","","","","2"
"2019-12-11","Canada","2016A000011124","Bank rate","Percent","239","units","0","v80691310","1.2","2.00","","","","2"
"2019-12-18","Canada","2016A000011124","Bank rate","Percent","239","units","0","v80691310","1.2","2.00","","","","2"
"2019-12-25","Canada","2016A000011124","Bank rate","Percent","239","units","0","v80691310","1.2","2.00","","","","2"
"2020-01-01","Canada","2016A000011124","Bank rate","Percent","239","units","0","v80691310","1.2","2.00","","","","2"
"2020-01-08","Canada","2016A000011124","Bank rate","Percent","239","units","0","v80691310","1.2","2.00","","","","2"
"2020-01-15","Canada","2016A000011124","Bank rate","Percent","239","units","0","v80691310","1.2","2.00","","","","2"
"2020-01-22","Canada","2016A000011124","Bank rate","Percent","239","units","0","v80691310","1.2","2.00","","","","2"
"2020-01-29","Canada","2016A000011124","Bank rate","Percent","239","units","0","v80691310","1.2","2.00","","","","2"
"2020-02-05","Canada","2016A000011124","Bank rate","Percent","239","units","0","v80691310","1.2","2.00","","","","2"
"2020-02-12","Canada","2016A000011124","Bank rate","Percent","239","units","0","v80691310","1.2","2.00","","","","2"
"2020-02-19","Canada","2016A000011124","Bank rate","Percent","239","units","0","v80691310","1.2","2.00","","","","2"
"2020-02-26","Canada","2016A000011124","Bank rate","Percent","239","units","0","v80691310","1.2","2.00","","","","2"
"2020-03-04","Canada","2016A000011124","Bank rate","Percent","239","units","0","v80691310","1.2","1.50","","","","2"
"2020-03-11","Canada","2016A000011124","Bank rate","Percent","239","units","0","v80691310","1.2","1.50","","","","2"
"2020-03-18","Canada","2016A000011124","Bank rate","Percent","239","units","0","v80691310","1.2","1.00","","","","2"
"2020-03-25","Canada","2016A000011124","Bank rate","Percent","239","units","0","v80691310","1.2","1.00","","","","2"
"2020-04-01","Canada","2016A000011124","Bank rate","Percent","239","units","0","v80691310","1.2","0.50","","","","2"
"2020-04-08","Canada","2016A000011124","Bank rate","Percent","239","units","0","v80691310","1.2","0.50","","","","2"
"2020-04-15","Canada","2016A000011124","Bank rate","Percent","239","units","0","v80691310","1.2","0.50","","","","2"
"2020-04-22","Canada","2016A000011124","Bank rate","Percent","239","units","0","v80691310","1.2","0.50","","","","2"
"2020-04-29","Canada","2016A000011124","Bank rate","Percent","239","units","0","v80691310","1.2","0.50","","","","2"
"2020-05-06","Canada","2016A000011124","Bank rate","Percent","239","units","0","v80691310","1.2","0.50","","","","2"
"2020-05-13","Canada","2016A000011124","Bank rate","Percent","239","units","0","v80691310","1.2","0.50","","","","2"
"2020-05-20","Canada","2016A000011124","Bank rate","Percent","239","units","0","v80691310","1.2","0.50","","","","2"
"2020-05-27","Canada","2016A000011124","Bank rate","Percent","239","units","0","v80691310","1.2","0.50","","","","2"
"2020-06-03","Canada","2016A000011124","Bank rate","Percent","239","units","0","v80691310","1.2","0.50","","","","2"
"2020-06-10","Canada","2016A000011124","Bank rate","Percent","239","units","0","v80691310","1.2","0.50","","","","2"
"2020-06-17","Canada","2016A000011124","Bank rate","Percent","239","units","0","v80691310","1.2","0.50","","","","2"
"2020-06-24","Canada","2016A000011124","Bank rate","Percent","239","units","0","v80691310","1.2","0.50","","","","2"
"2020-07-01","Canada","2016A000011124","Bank rate","Percent","239","units","0","v80691310","1.2","0.50","","","","2"
"2020-07-08","Canada","2016A000011124","Bank rate","Percent","239","units","0","v80691310","1.2","0.50","","","","2"
"2020-07-15","Canada","2016A000011124","Bank rate","Percent","239","units","0","v80691310","1.2","0.50","","","","2"
"2020-07-22","Canada","2016A000011124","Bank rate","Percent","239","units","0","v80691310","1.2","0.50","","","","2"
"2020-07-29","Canada","2016A000011124","Bank rate","Percent","239","units","0","v80691310","1.2","0.50","","","","2"
"2020-08-05","Canada","2016A000011124","Bank rate","Percent","239","units","0","v80691310","1.2","0.50","","","","2"
"2020-08-12","Canada","2016A000011124","Bank rate","Percent","239","units","0","v80691310","1.2","0.50","","","","2"
"2020-08-19","Canada","2016A000011124","Bank rate","Percent","239","units","0","v80691310","1.2","0.50","","","","2"
"2020-08-26","Canada","2016A000011124","Bank rate","Percent","239","units","0","v80691310","1.2","0.50","","","","2"
"2020-09-02","Canada","2016A000011124","Bank rate","Percent","239","units","0","v80691310","1.2","0.50","","","","2"
"2020-09-09","Canada","2016A000011124","Bank rate","Percent","239","units","0","v80691310","1.2","0.50","","","","2"
"2020-09-16","Canada","2016A000011124","Bank rate","Percent","239","units","0","v80691310","1.2","0.50","","","","2"
"2020-09-23","Canada","2016A000011124","Bank rate","Percent","239","units","0","v80691310","1.2","0.50","","","","2"
"2020-09-30","Canada","2016A000011124","Bank rate","Percent","239","units","0","v80691310","1.2","0.50","","","","2"
"2020-10-07","Canada","2016A000011124","Bank rate","Percent","239","units","0","v80691310","1.2","0.50","","","","2"
"2020-10-14","Canada","2016A000011124","Bank rate","Percent","239","units","0","v80691310","1.2","0.50","","","","2"
"2020-10-21","Canada","2016A000011124","Bank rate","Percent","239","units","0","v80691310","1.2","0.50","","","","2"
"2020-10-28","Canada","2016A000011124","Bank rate","Percent","239","units","0","v80691310","1.2","0.50","","","","2"
"2006-01-04","Canada","2016A000011124","Chartered bank administered interest rates - Prime rate","Percent","239","units","0","v80691311","1.4","5.00","","","","2"
"2006-01-11","Canada","2016A000011124","Chartered bank administered interest rates - Prime rate","Percent","239","units","0","v80691311","1.4","5.00","","","","2"
"2006-01-18","Canada","2016A000011124","Chartered bank administered interest rates - Prime rate","Percent","239","units","0","v80691311","1.4","5.00","","","","2"
"2006-01-25","Canada","2016A000011124","Chartered bank administered interest rates - Prime rate","Percent","239","units","0","v80691311","1.4","5.25","","","","2"
"2006-02-01","Canada","2016A000011124","Chartered bank administered interest rates - Prime rate","Percent","239","units","0","v80691311","1.4","5.25","","","","2"
"2006-02-08","Canada","2016A000011124","Chartered bank administered interest rates - Prime rate","Percent","239","units","0","v80691311","1.4","5.25","","","","2"
"2006-02-15","Canada","2016A000011124","Chartered bank administered interest rates - Prime rate","Percent","239","units","0","v80691311","1.4","5.25","","","","2"
"2006-02-22","Canada","2016A000011124","Chartered bank administered interest rates - Prime rate","Percent","239","units","0","v80691311","1.4","5.25","","","","2"
"2006-03-01","Canada","2016A000011124","Chartered bank administered interest rates - Prime rate","Percent","239","units","0","v80691311","1.4","5.25","","","","2"
"2006-03-08","Canada","2016A000011124","Chartered bank administered interest rates - Prime rate","Percent","239","units","0","v80691311","1.4","5.50","","","","2"
"2006-03-15","Canada","2016A000011124","Chartered bank administered interest rates - Prime rate","Percent","239","units","0","v80691311","1.4","5.50","","","","2"
"2006-03-22","Canada","2016A000011124","Chartered bank administered interest rates - Prime rate","Percent","239","units","0","v80691311","1.4","5.50","","","","2"
"2006-03-29","Canada","2016A000011124","Chartered bank administered interest rates - Prime rate","Percent","239","units","0","v80691311","1.4","5.50","","","","2"
"2006-04-05","Canada","2016A000011124","Chartered bank administered interest rates - Prime rate","Percent","239","units","0","v80691311","1.4","5.50","","","","2"
"2006-04-12","Canada","2016A000011124","Chartered bank administered interest rates - Prime rate","Percent","239","units","0","v80691311","1.4","5.50","","","","2"
"2006-04-19","Canada","2016A000011124","Chartered bank administered interest rates - Prime rate","Percent","239","units","0","v80691311","1.4","5.50","","","","2"
"2006-04-26","Canada","2016A000011124","Chartered bank administered interest rates - Prime rate","Percent","239","units","0","v80691311","1.4","5.75","","","","2"
"2006-05-03","Canada","2016A000011124","Chartered bank administered interest rates - Prime rate","Percent","239","units","0","v80691311","1.4","5.75","","","","2"
"2006-05-10","Canada","2016A000011124","Chartered bank administered interest rates - Prime rate","Percent","239","units","0","v80691311","1.4","5.75","","","","2"
"2006-05-17","Canada","2016A000011124","Chartered bank administered interest rates - Prime rate","Percent","239","units","0","v80691311","1.4","5.75","","","","2"
"2006-05-24","Canada","2016A000011124","Chartered bank administered interest rates - Prime rate","Percent","239","units","0","v80691311","1.4","5.75","","","","2"
"2006-05-31","Canada","2016A000011124","Chartered bank administered interest rates - Prime rate","Percent","239","units","0","v80691311","1.4","6.00","","","","2"
"2006-06-07","Canada","2016A000011124","Chartered bank administered interest rates - Prime rate","Percent","239","units","0","v80691311","1.4","6.00","","","","2"
"2006-06-14","Canada","2016A000011124","Chartered bank administered interest rates - Prime rate","Percent","239","units","0","v80691311","1.4","6.00","","","","2"
"2006-06-21","Canada","2016A000011124","Chartered bank administered interest rates - Prime rate","Percent","239","units","0","v80691311","1.4","6.00","","","","2"
"2006-06-28","Canada","2016A000011124","Chartered bank administered interest rates - Prime rate","Percent","239","units","0","v80691311","1.4","6.00","","","","2"
"2006-07-05","Canada","2016A000011124","Chartered bank administered interest rates - Prime rate","Percent","239","units","0","v80691311","1.4","6.00","","","","2"
"2006-07-12","Canada","2016A000011124","Chartered bank administered interest rates - Prime rate","Percent","239","units","0","v80691311","1.4","6.00","","","","2"
"2006-07-19","Canada","2016A000011124","Chartered bank administered interest rates - Prime rate","Percent","239","units","0","v80691311","1.4","6.00","","","","2"
"2006-07-26","Canada","2016A000011124","Chartered bank administered interest rates - Prime rate","Percent","239","units","0","v80691311","1.4","6.00","","","","2"
"2006-08-02","Canada","2016A000011124","Chartered bank administered interest rates - Prime rate","Percent","239","units","0","v80691311","1.4","6.00","","","","2"
"2006-08-09","Canada","2016A000011124","Chartered bank administered interest rates - Prime rate","Percent","239","units","0","v80691311","1.4","6.00","","","","2"
"2006-08-16","Canada","2016A000011124","Chartered bank administered interest rates - Prime rate","Percent","239","units","0","v80691311","1.4","6.00","","","","2"
"2006-08-23","Canada","2016A000011124","Chartered bank administered interest rates - Prime rate","Percent","239","units","0","v80691311","1.4","6.00","","","","2"
"2006-08-30","Canada","2016A000011124","Chartered bank administered interest rates - Prime rate","Percent","239","units","0","v80691311","1.4","6.00","","","","2"
"2006-09-06","Canada","2016A000011124","Chartered bank administered interest rates - Prime rate","Percent","239","units","0","v80691311","1.4","6.00","","","","2"
"2006-09-13","Canada","2016A000011124","Chartered bank administered interest rates - Prime rate","Percent","239","units","0","v80691311","1.4","6.00","","","","2"
"2006-09-20","Canada","2016A000011124","Chartered bank administered interest rates - Prime rate","Percent","239","units","0","v80691311","1.4","6.00","","","","2"
"2006-09-27","Canada","2016A000011124","Chartered bank administered interest rates - Prime rate","Percent","239","units","0","v80691311","1.4","6.00","","","","2"
"2006-10-04","Canada","2016A000011124","Chartered bank administered interest rates - Prime rate","Percent","239","units","0","v80691311","1.4","6.00","","","","2"
"2006-10-11","Canada","2016A000011124","Chartered bank administered interest rates - Prime rate","Percent","239","units","0","v80691311","1.4","6.00","","","","2"
"2006-10-18","Canada","2016A000011124","Chartered bank administered interest rates - Prime rate","Percent","239","units","0","v80691311","1.4","6.00","","","","2"
"2006-10-25","Canada","2016A000011124","Chartered bank administered interest rates - Prime rate","Percent","239","units","0","v80691311","1.4","6.00","","","","2"
"2006-11-01","Canada","2016A000011124","Chartered bank administered interest rates - Prime rate","Percent","239","units","0","v80691311","1.4","6.00","","","","2"
"2006-11-08","Canada","2016A000011124","Chartered bank administered interest rates - Prime rate","Percent","239","units","0","v80691311","1.4","6.00","","","","2"
"2006-11-15","Canada","2016A000011124","Chartered bank administered interest rates - Prime rate","Percent","239","units","0","v80691311","1.4","6.00","","","","2"
"2006-11-22","Canada","2016A000011124","Chartered bank administered interest rates - Prime rate","Percent","239","units","0","v80691311","1.4","6.00","","","","2"
"2006-11-29","Canada","2016A000011124","Chartered bank administered interest rates - Prime rate","Percent","239","units","0","v80691311","1.4","6.00","","","","2"
"2006-12-06","Canada","2016A000011124","Chartered bank administered interest rates - Prime rate","Percent","239","units","0","v80691311","1.4","6.00","","","","2"
"2006-12-13","Canada","2016A000011124","Chartered bank administered interest rates - Prime rate","Percent","239","units","0","v80691311","1.4","6.00","","","","2"
"2006-12-20","Canada","2016A000011124","Chartered bank administered interest rates - Prime rate","Percent","239","units","0","v80691311","1.4","6.00","","","","2"
"2006-12-27","Canada","2016A000011124","Chartered bank administered interest rates - Prime rate","Percent","239","units","0","v80691311","1.4","6.00","","","","2"
"2007-01-03","Canada","2016A000011124","Chartered bank administered interest rates - Prime rate","Percent","239","units","0","v80691311","1.4","6.00","","","","2"
"2007-01-10","Canada","2016A000011124","Chartered bank administered interest rates - Prime rate","Percent","239","units","0","v80691311","1.4","6.00","","","","2"
"2007-01-17","Canada","2016A000011124","Chartered bank administered interest rates - Prime rate","Percent","239","units","0","v80691311","1.4","6.00","","","","2"
"2007-01-24","Canada","2016A000011124","Chartered bank administered interest rates - Prime rate","Percent","239","units","0","v80691311","1.4","6.00","","","","2"
"2007-01-31","Canada","2016A000011124","Chartered bank administered interest rates - Prime rate","Percent","239","units","0","v80691311","1.4","6.00","","","","2"
"2007-02-07","Canada","2016A000011124","Chartered bank administered interest rates - Prime rate","Percent","239","units","0","v80691311","1.4","6.00","","","","2"
"2007-02-14","Canada","2016A000011124","Chartered bank administered interest rates - Prime rate","Percent","239","units","0","v80691311","1.4","6.00","","","","2"
"2007-02-21","Canada","2016A000011124","Chartered bank administered interest rates - Prime rate","Percent","239","units","0","v80691311","1.4","6.00","","","","2"
"2007-02-28","Canada","2016A000011124","Chartered bank administered interest rates - Prime rate","Percent","239","units","0","v80691311","1.4","6.00","","","","2"
"2007-03-07","Canada","2016A000011124","Chartered bank administered interest rates - Prime rate","Percent","239","units","0","v80691311","1.4","6.00","","","","2"
"2007-03-14","Canada","2016A000011124","Chartered bank administered interest rates - Prime rate","Percent","239","units","0","v80691311","1.4","6.00","","","","2"
"2007-03-21","Canada","2016A000011124","Chartered bank administered interest rates - Prime rate","Percent","239","units","0","v80691311","1.4","6.00","","","","2"
"2007-03-28","Canada","2016A000011124","Chartered bank administered interest rates - Prime rate","Percent","239","units","0","v80691311","1.4","6.00","","","","2"
"2007-04-04","Canada","2016A000011124","Chartered bank administered interest rates - Prime rate","Percent","239","units","0","v80691311","1.4","6.00","","","","2"
"2007-04-11","Canada","2016A000011124","Chartered bank administered interest rates - Prime rate","Percent","239","units","0","v80691311","1.4","6.00","","","","2"
"2007-04-18","Canada","2016A000011124","Chartered bank administered interest rates - Prime rate","Percent","239","units","0","v80691311","1.4","6.00","","","","2"
"2007-04-25","Canada","2016A000011124","Chartered bank administered interest rates - Prime rate","Percent","239","units","0","v80691311","1.4","6.00","","","","2"
"2007-05-02","Canada","2016A000011124","Chartered bank administered interest rates - Prime rate","Percent","239","units","0","v80691311","1.4","6.00","","","","2"
"2007-05-09","Canada","2016A000011124","Chartered bank administered interest rates - Prime rate","Percent","239","units","0","v80691311","1.4","6.00","","","","2"
"2007-05-16","Canada","2016A000011124","Chartered bank administered interest rates - Prime rate","Percent","239","units","0","v80691311","1.4","6.00","","","","2"
"2007-05-23","Canada","2016A000011124","Chartered bank administered interest rates - Prime rate","Percent","239","units","0","v80691311","1.4","6.00","","","","2"
"2007-05-30","Canada","2016A000011124","Chartered bank administered interest rates - Prime rate","Percent","239","units","0","v80691311","1.4","6.00","","","","2"
"2007-06-06","Canada","2016A000011124","Chartered bank administered interest rates - Prime rate","Percent","239","units","0","v80691311","1.4","6.00","","","","2"
"2007-06-13","Canada","2016A000011124","Chartered bank administered interest rates - Prime rate","Percent","239","units","0","v80691311","1.4","6.00","","","","2"
"2007-06-20","Canada","2016A000011124","Chartered bank administered interest rates - Prime rate","Percent","239","units","0","v80691311","1.4","6.00","","","","2"
"2007-06-27","Canada","2016A000011124","Chartered bank administered interest rates - Prime rate","Percent","239","units","0","v80691311","1.4","6.00","","","","2"
"2007-07-04","Canada","2016A000011124","Chartered bank administered interest rates - Prime rate","Percent","239","units","0","v80691311","1.4","6.00","","","","2"
"2007-07-11","Canada","2016A000011124","Chartered bank administered interest rates - Prime rate","Percent","239","units","0","v80691311","1.4","6.25","","","","2"
"2007-07-18","Canada","2016A000011124","Chartered bank administered interest rates - Prime rate","Percent","239","units","0","v80691311","1.4","6.25","","","","2"
"2007-07-25","Canada","2016A000011124","Chartered bank administered interest rates - Prime rate","Percent","239","units","0","v80691311","1.4","6.25","","","","2"
"2007-08-01","Canada","2016A000011124","Chartered bank administered interest rates - Prime rate","Percent","239","units","0","v80691311","1.4","6.25","","","","2"
"2007-08-08","Canada","2016A000011124","Chartered bank administered interest rates - Prime rate","Percent","239","units","0","v80691311","1.4","6.25","","","","2"
"2007-08-15","Canada","2016A000011124","Chartered bank administered interest rates - Prime rate","Percent","239","units","0","v80691311","1.4","6.25","","","","2"
"2007-08-22","Canada","2016A000011124","Chartered bank administered interest rates - Prime rate","Percent","239","units","0","v80691311","1.4","6.25","","","","2"
"2007-08-29","Canada","2016A000011124","Chartered bank administered interest rates - Prime rate","Percent","239","units","0","v80691311","1.4","6.25","","","","2"
"2007-09-05","Canada","2016A000011124","Chartered bank administered interest rates - Prime rate","Percent","239","units","0","v80691311","1.4","6.25","","","","2"
"2007-09-12","Canada","2016A000011124","Chartered bank administered interest rates - Prime rate","Percent","239","units","0","v80691311","1.4","6.25","","","","2"
"2007-09-19","Canada","2016A000011124","Chartered bank administered interest rates - Prime rate","Percent","239","units","0","v80691311","1.4","6.25","","","","2"
"2007-09-26","Canada","2016A000011124","Chartered bank administered interest rates - Prime rate","Percent","239","units","0","v80691311","1.4","6.25","","","","2"
"2007-10-03","Canada","2016A000011124","Chartered bank administered interest rates - Prime rate","Percent","239","units","0","v80691311","1.4","6.25","","","","2"
"2007-10-10","Canada","2016A000011124","Chartered bank administered interest rates - Prime rate","Percent","239","units","0","v80691311","1.4","6.25","","","","2"
"2007-10-17","Canada","2016A000011124","Chartered bank administered interest rates - Prime rate","Percent","239","units","0","v80691311","1.4","6.25","","","","2"
"2007-10-24","Canada","2016A000011124","Chartered bank administered interest rates - Prime rate","Percent","239","units","0","v80691311","1.4","6.25","","","","2"
"2007-10-31","Canada","2016A000011124","Chartered bank administered interest rates - Prime rate","Percent","239","units","0","v80691311","1.4","6.25","","","","2"
"2007-11-07","Canada","2016A000011124","Chartered bank administered interest rates - Prime rate","Percent","239","units","0","v80691311","1.4","6.25","","","","2"
"2007-11-14","Canada","2016A000011124","Chartered bank administered interest rates - Prime rate","Percent","239","units","0","v80691311","1.4","6.25","","","","2"
"2007-11-21","Canada","2016A000011124","Chartered bank administered interest rates - Prime rate","Percent","239","units","0","v80691311","1.4","6.25","","","","2"
"2007-11-28","Canada","2016A000011124","Chartered bank administered interest rates - Prime rate","Percent","239","units","0","v80691311","1.4","6.25","","","","2"
"2007-12-05","Canada","2016A000011124","Chartered bank administered interest rates - Prime rate","Percent","239","units","0","v80691311","1.4","6.00","","","","2"
"2007-12-12","Canada","2016A000011124","Chartered bank administered interest rates - Prime rate","Percent","239","units","0","v80691311","1.4","6.00","","","","2"
"2007-12-19","Canada","2016A000011124","Chartered bank administered interest rates - Prime rate","Percent","239","units","0","v80691311","1.4","6.00","","","","2"
"2007-12-26","Canada","2016A000011124","Chartered bank administered interest rates - Prime rate","Percent","239","units","0","v80691311","1.4","6.00","","","","2"
"2008-01-02","Canada","2016A000011124","Chartered bank administered interest rates - Prime rate","Percent","239","units","0","v80691311","1.4","6.00","","","","2"
"2008-01-09","Canada","2016A000011124","Chartered bank administered interest rates - Prime rate","Percent","239","units","0","v80691311","1.4","6.00","","","","2"
"2008-01-16","Canada","2016A000011124","Chartered bank administered interest rates - Prime rate","Percent","239","units","0","v80691311","1.4","6.00","","","","2"
"2008-01-23","Canada","2016A000011124","Chartered bank administered interest rates - Prime rate","Percent","239","units","0","v80691311","1.4","5.75","","","","2"
"2008-01-30","Canada","2016A000011124","Chartered bank administered interest rates - Prime rate","Percent","239","units","0","v80691311","1.4","5.75","","","","2"
"2008-02-06","Canada","2016A000011124","Chartered bank administered interest rates - Prime rate","Percent","239","units","0","v80691311","1.4","5.75","","","","2"
"2008-02-13","Canada","2016A000011124","Chartered bank administered interest rates - Prime rate","Percent","239","units","0","v80691311","1.4","5.75","","","","2"
"2008-02-20","Canada","2016A000011124","Chartered bank administered interest rates - Prime rate","Percent","239","units","0","v80691311","1.4","5.75","","","","2"
"2008-02-27","Canada","2016A000011124","Chartered bank administered interest rates - Prime rate","Percent","239","units","0","v80691311","1.4","5.75","","","","2"
"2008-03-05","Canada","2016A000011124","Chartered bank administered interest rates - Prime rate","Percent","239","units","0","v80691311","1.4","5.25","","","","2"
"2008-03-12","Canada","2016A000011124","Chartered bank administered interest rates - Prime rate","Percent","239","units","0","v80691311","1.4","5.25","","","","2"
"2008-03-19","Canada","2016A000011124","Chartered bank administered interest rates - Prime rate","Percent","239","units","0","v80691311","1.4","5.25","","","","2"
"2008-03-26","Canada","2016A000011124","Chartered bank administered interest rates - Prime rate","Percent","239","units","0","v80691311","1.4","5.25","","","","2"
"2008-04-02","Canada","2016A000011124","Chartered bank administered interest rates - Prime rate","Percent","239","units","0","v80691311","1.4","5.25","","","","2"
"2008-04-09","Canada","2016A000011124","Chartered bank administered interest rates - Prime rate","Percent","239","units","0","v80691311","1.4","5.25","","","","2"
"2008-04-16","Canada","2016A000011124","Chartered bank administered interest rates - Prime rate","Percent","239","units","0","v80691311","1.4","5.25","","","","2"
"2008-04-23","Canada","2016A000011124","Chartered bank administered interest rates - Prime rate","Percent","239","units","0","v80691311","1.4","4.75","","","","2"
"2008-04-30","Canada","2016A000011124","Chartered bank administered interest rates - Prime rate","Percent","239","units","0","v80691311","1.4","4.75","","","","2"
"2008-05-07","Canada","2016A000011124","Chartered bank administered interest rates - Prime rate","Percent","239","units","0","v80691311","1.4","4.75","","","","2"
"2008-05-14","Canada","2016A000011124","Chartered bank administered interest rates - Prime rate","Percent","239","units","0","v80691311","1.4","4.75","","","","2"
"2008-05-21","Canada","2016A000011124","Chartered bank administered interest rates - Prime rate","Percent","239","units","0","v80691311","1.4","4.75","","","","2"
"2008-05-28","Canada","2016A000011124","Chartered bank administered interest rates - Prime rate","Percent","239","units","0","v80691311","1.4","4.75","","","","2"
"2008-06-04","Canada","2016A000011124","Chartered bank administered interest rates - Prime rate","Percent","239","units","0","v80691311","1.4","4.75","","","","2"
"2008-06-11","Canada","2016A000011124","Chartered bank administered interest rates - Prime rate","Percent","239","units","0","v80691311","1.4","4.75","","","","2"
"2008-06-18","Canada","2016A000011124","Chartered bank administered interest rates - Prime rate","Percent","239","units","0","v80691311","1.4","4.75","","","","2"
"2008-06-25","Canada","2016A000011124","Chartered bank administered interest rates - Prime rate","Percent","239","units","0","v80691311","1.4","4.75","","","","2"
"2008-07-02","Canada","2016A000011124","Chartered bank administered interest rates - Prime rate","Percent","239","units","0","v80691311","1.4","4.75","","","","2"
"2008-07-09","Canada","2016A000011124","Chartered bank administered interest rates - Prime rate","Percent","239","units","0","v80691311","1.4","4.75","","","","2"
"2008-07-16","Canada","2016A000011124","Chartered bank administered interest rates - Prime rate","Percent","239","units","0","v80691311","1.4","4.75","","","","2"
"2008-07-23","Canada","2016A000011124","Chartered bank administered interest rates - Prime rate","Percent","239","units","0","v80691311","1.4","4.75","","","","2"
"2008-07-30","Canada","2016A000011124","Chartered bank administered interest rates - Prime rate","Percent","239","units","0","v80691311","1.4","4.75","","","","2"
"2008-08-06","Canada","2016A000011124","Chartered bank administered interest rates - Prime rate","Percent","239","units","0","v80691311","1.4","4.75","","","","2"
"2008-08-13","Canada","2016A000011124","Chartered bank administered interest rates - Prime rate","Percent","239","units","0","v80691311","1.4","4.75","","","","2"
"2008-08-20","Canada","2016A000011124","Chartered bank administered interest rates - Prime rate","Percent","239","units","0","v80691311","1.4","4.75","","","","2"
"2008-08-27","Canada","2016A000011124","Chartered bank administered interest rates - Prime rate","Percent","239","units","0","v80691311","1.4","4.75","","","","2"
"2008-09-03","Canada","2016A000011124","Chartered bank administered interest rates - Prime rate","Percent","239","units","0","v80691311","1.4","4.75","","","","2"
"2008-09-10","Canada","2016A000011124","Chartered bank administered interest rates - Prime rate","Percent","239","units","0","v80691311","1.4","4.75","","","","2"
"2008-09-17","Canada","2016A000011124","Chartered bank administered interest rates - Prime rate","Percent","239","units","0","v80691311","1.4","4.75","","","","2"
"2008-09-24","Canada","2016A000011124","Chartered bank administered interest rates - Prime rate","Percent","239","units","0","v80691311","1.4","4.75","","","","2"
"2008-10-01","Canada","2016A000011124","Chartered bank administered interest rates - Prime rate","Percent","239","units","0","v80691311","1.4","4.75","","","","2"
"2008-10-08","Canada","2016A000011124","Chartered bank administered interest rates - Prime rate","Percent","239","units","0","v80691311","1.4","4.75","","","","2"
"2008-10-15","Canada","2016A000011124","Chartered bank administered interest rates - Prime rate","Percent","239","units","0","v80691311","1.4","4.25","","","","2"
"2008-10-22","Canada","2016A000011124","Chartered bank administered interest rates - Prime rate","Percent","239","units","0","v80691311","1.4","4.00","","","","2"
"2008-10-29","Canada","2016A000011124","Chartered bank administered interest rates - Prime rate","Percent","239","units","0","v80691311","1.4","4.00","","","","2"
"2008-11-05","Canada","2016A000011124","Chartered bank administered interest rates - Prime rate","Percent","239","units","0","v80691311","1.4","4.00","","","","2"
"2008-11-12","Canada","2016A000011124","Chartered bank administered interest rates - Prime rate","Percent","239","units","0","v80691311","1.4","4.00","","","","2"
"2008-11-19","Canada","2016A000011124","Chartered bank administered interest rates - Prime rate","Percent","239","units","0","v80691311","1.4","4.00","","","","2"
"2008-11-26","Canada","2016A000011124","Chartered bank administered interest rates - Prime rate","Percent","239","units","0","v80691311","1.4","4.00","","","","2"
"2008-12-03","Canada","2016A000011124","Chartered bank administered interest rates - Prime rate","Percent","239","units","0","v80691311","1.4","4.00","","","","2"
"2008-12-10","Canada","2016A000011124","Chartered bank administered interest rates - Prime rate","Percent","239","units","0","v80691311","1.4","3.50","","","","2"
"2008-12-17","Canada","2016A000011124","Chartered bank administered interest rates - Prime rate","Percent","239","units","0","v80691311","1.4","3.50","","","","2"
"2008-12-24","Canada","2016A000011124","Chartered bank administered interest rates - Prime rate","Percent","239","units","0","v80691311","1.4","3.50","","","","2"
"2008-12-31","Canada","2016A000011124","Chartered bank administered interest rates - Prime rate","Percent","239","units","0","v80691311","1.4","3.50","","","","2"
"2009-01-07","Canada","2016A000011124","Chartered bank administered interest rates - Prime rate","Percent","239","units","0","v80691311","1.4","3.50","","","","2"
"2009-01-14","Canada","2016A000011124","Chartered bank administered interest rates - Prime rate","Percent","239","units","0","v80691311","1.4","3.50","","","","2"
"2009-01-21","Canada","2016A000011124","Chartered bank administered interest rates - Prime rate","Percent","239","units","0","v80691311","1.4","3.00","","","","2"
"2009-01-28","Canada","2016A000011124","Chartered bank administered interest rates - Prime rate","Percent","239","units","0","v80691311","1.4","3.00","","","","2"
"2009-02-04","Canada","2016A000011124","Chartered bank administered interest rates - Prime rate","Percent","239","units","0","v80691311","1.4","3.00","","","","2"
"2009-02-11","Canada","2016A000011124","Chartered bank administered interest rates - Prime rate","Percent","239","units","0","v80691311","1.4","3.00","","","","2"
"2009-02-18","Canada","2016A000011124","Chartered bank administered interest rates - Prime rate","Percent","239","units","0","v80691311","1.4","3.00","","","","2"
"2009-02-25","Canada","2016A000011124","Chartered bank administered interest rates - Prime rate","Percent","239","units","0","v80691311","1.4","3.00","","","","2"
"2009-03-04","Canada","2016A000011124","Chartered bank administered interest rates - Prime rate","Percent","239","units","0","v80691311","1.4","2.50","","","","2"
"2009-03-11","Canada","2016A000011124","Chartered bank administered interest rates - Prime rate","Percent","239","units","0","v80691311","1.4","2.50","","","","2"
"2009-03-18","Canada","2016A000011124","Chartered bank administered interest rates - Prime rate","Percent","239","units","0","v80691311","1.4","2.50","","","","2"
"2009-03-25","Canada","2016A000011124","Chartered bank administered interest rates - Prime rate","Percent","239","units","0","v80691311","1.4","2.50","","","","2"
"2009-04-01","Canada","2016A000011124","Chartered bank administered interest rates - Prime rate","Percent","239","units","0","v80691311","1.4","2.50","","","","2"
"2009-04-08","Canada","2016A000011124","Chartered bank administered interest rates - Prime rate","Percent","239","units","0","v80691311","1.4","2.50","","","","2"
"2009-04-15","Canada","2016A000011124","Chartered bank administered interest rates - Prime rate","Percent","239","units","0","v80691311","1.4","2.50","","","","2"
"2009-04-22","Canada","2016A000011124","Chartered bank administered interest rates - Prime rate","Percent","239","units","0","v80691311","1.4","2.25","","","","2"
"2009-04-29","Canada","2016A000011124","Chartered bank administered interest rates - Prime rate","Percent","239","units","0","v80691311","1.4","2.25","","","","2"
"2009-05-06","Canada","2016A000011124","Chartered bank administered interest rates - Prime rate","Percent","239","units","0","v80691311","1.4","2.25","","","","2"
"2009-05-13","Canada","2016A000011124","Chartered bank administered interest rates - Prime rate","Percent","239","units","0","v80691311","1.4","2.25","","","","2"
"2009-05-20","Canada","2016A000011124","Chartered bank administered interest rates - Prime rate","Percent","239","units","0","v80691311","1.4","2.25","","","","2"
"2009-05-27","Canada","2016A000011124","Chartered bank administered interest rates - Prime rate","Percent","239","units","0","v80691311","1.4","2.25","","","","2"
"2009-06-03","Canada","2016A000011124","Chartered bank administered interest rates - Prime rate","Percent","239","units","0","v80691311","1.4","2.25","","","","2"
"2009-06-10","Canada","2016A000011124","Chartered bank administered interest rates - Prime rate","Percent","239","units","0","v80691311","1.4","2.25","","","","2"
"2009-06-17","Canada","2016A000011124","Chartered bank administered interest rates - Prime rate","Percent","239","units","0","v80691311","1.4","2.25","","","","2"
"2009-06-24","Canada","2016A000011124","Chartered bank administered interest rates - Prime rate","Percent","239","units","0","v80691311","1.4","2.25","","","","2"
"2009-07-01","Canada","2016A000011124","Chartered bank administered interest rates - Prime rate","Percent","239","units","0","v80691311","1.4","2.25","","","","2"
"2009-07-08","Canada","2016A000011124","Chartered bank administered interest rates - Prime rate","Percent","239","units","0","v80691311","1.4","2.25","","","","2"
"2009-07-15","Canada","2016A000011124","Chartered bank administered interest rates - Prime rate","Percent","239","units","0","v80691311","1.4","2.25","","","","2"
"2009-07-22","Canada","2016A000011124","Chartered bank administered interest rates - Prime rate","Percent","239","units","0","v80691311","1.4","2.25","","","","2"
"2009-07-29","Canada","2016A000011124","Chartered bank administered interest rates - Prime rate","Percent","239","units","0","v80691311","1.4","2.25","","","","2"
"2009-08-05","Canada","2016A000011124","Chartered bank administered interest rates - Prime rate","Percent","239","units","0","v80691311","1.4","2.25","","","","2"
"2009-08-12","Canada","2016A000011124","Chartered bank administered interest rates - Prime rate","Percent","239","units","0","v80691311","1.4","2.25","","","","2"
"2009-08-19","Canada","2016A000011124","Chartered bank administered interest rates - Prime rate","Percent","239","units","0","v80691311","1.4","2.25","","","","2"
"2009-08-26","Canada","2016A000011124","Chartered bank administered interest rates - Prime rate","Percent","239","units","0","v80691311","1.4","2.25","","","","2"
"2009-09-02","Canada","2016A000011124","Chartered bank administered interest rates - Prime rate","Percent","239","units","0","v80691311","1.4","2.25","","","","2"
"2009-09-09","Canada","2016A000011124","Chartered bank administered interest rates - Prime rate","Percent","239","units","0","v80691311","1.4","2.25","","","","2"
"2009-09-16","Canada","2016A000011124","Chartered bank administered interest rates - Prime rate","Percent","239","units","0","v80691311","1.4","2.25","","","","2"
"2009-09-23","Canada","2016A000011124","Chartered bank administered interest rates - Prime rate","Percent","239","units","0","v80691311","1.4","2.25","","","","2"
"2009-09-30","Canada","2016A000011124","Chartered bank administered interest rates - Prime rate","Percent","239","units","0","v80691311","1.4","2.25","","","","2"
"2009-10-07","Canada","2016A000011124","Chartered bank administered interest rates - Prime rate","Percent","239","units","0","v80691311","1.4","2.25","","","","2"
"2009-10-14","Canada","2016A000011124","Chartered bank administered interest rates - Prime rate","Percent","239","units","0","v80691311","1.4","2.25","","","","2"
"2009-10-21","Canada","2016A000011124","Chartered bank administered interest rates - Prime rate","Percent","239","units","0","v80691311","1.4","2.25","","","","2"
"2009-10-28","Canada","2016A000011124","Chartered bank administered interest rates - Prime rate","Percent","239","units","0","v80691311","1.4","2.25","","","","2"
"2009-11-04","Canada","2016A000011124","Chartered bank administered interest rates - Prime rate","Percent","239","units","0","v80691311","1.4","2.25","","","","2"
"2009-11-11","Canada","2016A000011124","Chartered bank administered interest rates - Prime rate","Percent","239","units","0","v80691311","1.4","2.25","","","","2"
"2009-11-18","Canada","2016A000011124","Chartered bank administered interest rates - Prime rate","Percent","239","units","0","v80691311","1.4","2.25","","","","2"
"2009-11-25","Canada","2016A000011124","Chartered bank administered interest rates - Prime rate","Percent","239","units","0","v80691311","1.4","2.25","","","","2"
"2009-12-02","Canada","2016A000011124","Chartered bank administered interest rates - Prime rate","Percent","239","units","0","v80691311","1.4","2.25","","","","2"
"2009-12-09","Canada","2016A000011124","Chartered bank administered interest rates - Prime rate","Percent","239","units","0","v80691311","1.4","2.25","","","","2"
"2009-12-16","Canada","2016A000011124","Chartered bank administered interest rates - Prime rate","Percent","239","units","0","v80691311","1.4","2.25","","","","2"
"2009-12-23","Canada","2016A000011124","Chartered bank administered interest rates - Prime rate","Percent","239","units","0","v80691311","1.4","2.25","","","","2"
"2009-12-30","Canada","2016A000011124","Chartered bank administered interest rates - Prime rate","Percent","239","units","0","v80691311","1.4","2.25","","","","2"
"2010-01-06","Canada","2016A000011124","Chartered bank administered interest rates - Prime rate","Percent","239","units","0","v80691311","1.4","2.25","","","","2"
"2010-01-13","Canada","2016A000011124","Chartered bank administered interest rates - Prime rate","Percent","239","units","0","v80691311","1.4","2.25","","","","2"
"2010-01-20","Canada","2016A000011124","Chartered bank administered interest rates - Prime rate","Percent","239","units","0","v80691311","1.4","2.25","","","","2"
"2010-01-27","Canada","2016A000011124","Chartered bank administered interest rates - Prime rate","Percent","239","units","0","v80691311","1.4","2.25","","","","2"
"2010-02-03","Canada","2016A000011124","Chartered bank administered interest rates - Prime rate","Percent","239","units","0","v80691311","1.4","2.25","","","","2"
"2010-02-10","Canada","2016A000011124","Chartered bank administered interest rates - Prime rate","Percent","239","units","0","v80691311","1.4","2.25","","","","2"
"2010-02-17","Canada","2016A000011124","Chartered bank administered interest rates - Prime rate","Percent","239","units","0","v80691311","1.4","2.25","","","","2"
"2010-02-24","Canada","2016A000011124","Chartered bank administered interest rates - Prime rate","Percent","239","units","0","v80691311","1.4","2.25","","","","2"
"2010-03-03","Canada","2016A000011124","Chartered bank administered interest rates - Prime rate","Percent","239","units","0","v80691311","1.4","2.25","","","","2"
"2010-03-10","Canada","2016A000011124","Chartered bank administered interest rates - Prime rate","Percent","239","units","0","v80691311","1.4","2.25","","","","2"
"2010-03-17","Canada","2016A000011124","Chartered bank administered interest rates - Prime rate","Percent","239","units","0","v80691311","1.4","2.25","","","","2"
"2010-03-24","Canada","2016A000011124","Chartered bank administered interest rates - Prime rate","Percent","239","units","0","v80691311","1.4","2.25","","","","2"
"2010-03-31","Canada","2016A000011124","Chartered bank administered interest rates - Prime rate","Percent","239","units","0","v80691311","1.4","2.25","","","","2"
"2010-04-07","Canada","2016A000011124","Chartered bank administered interest rates - Prime rate","Percent","239","units","0","v80691311","1.4","2.25","","","","2"
"2010-04-14","Canada","2016A000011124","Chartered bank administered interest rates - Prime rate","Percent","239","units","0","v80691311","1.4","2.25","","","","2"
"2010-04-21","Canada","2016A000011124","Chartered bank administered interest rates - Prime rate","Percent","239","units","0","v80691311","1.4","2.25","","","","2"
"2010-04-28","Canada","2016A000011124","Chartered bank administered interest rates - Prime rate","Percent","239","units","0","v80691311","1.4","2.25","","","","2"
"2010-05-05","Canada","2016A000011124","Chartered bank administered interest rates - Prime rate","Percent","239","units","0","v80691311","1.4","2.25","","","","2"
"2010-05-12","Canada","2016A000011124","Chartered bank administered interest rates - Prime rate","Percent","239","units","0","v80691311","1.4","2.25","","","","2"
"2010-05-19","Canada","2016A000011124","Chartered bank administered interest rates - Prime rate","Percent","239","units","0","v80691311","1.4","2.25","","","","2"
"2010-05-26","Canada","2016A000011124","Chartered bank administered interest rates - Prime rate","Percent","239","units","0","v80691311","1.4","2.25","","","","2"
"2010-06-02","Canada","2016A000011124","Chartered bank administered interest rates - Prime rate","Percent","239","units","0","v80691311","1.4","2.50","","","","2"
"2010-06-09","Canada","2016A000011124","Chartered bank administered interest rates - Prime rate","Percent","239","units","0","v80691311","1.4","2.50","","","","2"
"2010-06-16","Canada","2016A000011124","Chartered bank administered interest rates - Prime rate","Percent","239","units","0","v80691311","1.4","2.50","","","","2"
"2010-06-23","Canada","2016A000011124","Chartered bank administered interest rates - Prime rate","Percent","239","units","0","v80691311","1.4","2.50","","","","2"
"2010-06-30","Canada","2016A000011124","Chartered bank administered interest rates - Prime rate","Percent","239","units","0","v80691311","1.4","2.50","","","","2"
"2010-07-07","Canada","2016A000011124","Chartered bank administered interest rates - Prime rate","Percent","239","units","0","v80691311","1.4","2.50","","","","2"
"2010-07-14","Canada","2016A000011124","Chartered bank administered interest rates - Prime rate","Percent","239","units","0","v80691311","1.4","2.50","","","","2"
"2010-07-21","Canada","2016A000011124","Chartered bank administered interest rates - Prime rate","Percent","239","units","0","v80691311","1.4","2.75","","","","2"
"2010-07-28","Canada","2016A000011124","Chartered bank administered interest rates - Prime rate","Percent","239","units","0","v80691311","1.4","2.75","","","","2"
"2010-08-04","Canada","2016A000011124","Chartered bank administered interest rates - Prime rate","Percent","239","units","0","v80691311","1.4","2.75","","","","2"
"2010-08-11","Canada","2016A000011124","Chartered bank administered interest rates - Prime rate","Percent","239","units","0","v80691311","1.4","2.75","","","","2"
"2010-08-18","Canada","2016A000011124","Chartered bank administered interest rates - Prime rate","Percent","239","units","0","v80691311","1.4","2.75","","","","2"
"2010-08-25","Canada","2016A000011124","Chartered bank administered interest rates - Prime rate","Percent","239","units","0","v80691311","1.4","2.75","","","","2"
"2010-09-01","Canada","2016A000011124","Chartered bank administered interest rates - Prime rate","Percent","239","units","0","v80691311","1.4","2.75","","","","2"
"2010-09-08","Canada","2016A000011124","Chartered bank administered interest rates - Prime rate","Percent","239","units","0","v80691311","1.4","2.75","","","","2"
"2010-09-15","Canada","2016A000011124","Chartered bank administered interest rates - Prime rate","Percent","239","units","0","v80691311","1.4","3.00","","","","2"
"2010-09-22","Canada","2016A000011124","Chartered bank administered interest rates - Prime rate","Percent","239","units","0","v80691311","1.4","3.00","","","","2"
"2010-09-29","Canada","2016A000011124","Chartered bank administered interest rates - Prime rate","Percent","239","units","0","v80691311","1.4","3.00","","","","2"
"2010-10-06","Canada","2016A000011124","Chartered bank administered interest rates - Prime rate","Percent","239","units","0","v80691311","1.4","3.00","","","","2"
"2010-10-13","Canada","2016A000011124","Chartered bank administered interest rates - Prime rate","Percent","239","units","0","v80691311","1.4","3.00","","","","2"
"2010-10-20","Canada","2016A000011124","Chartered bank administered interest rates - Prime rate","Percent","239","units","0","v80691311","1.4","3.00","","","","2"
"2010-10-27","Canada","2016A000011124","Chartered bank administered interest rates - Prime rate","Percent","239","units","0","v80691311","1.4","3.00","","","","2"
"2010-11-03","Canada","2016A000011124","Chartered bank administered interest rates - Prime rate","Percent","239","units","0","v80691311","1.4","3.00","","","","2"
"2010-11-10","Canada","2016A000011124","Chartered bank administered interest rates - Prime rate","Percent","239","units","0","v80691311","1.4","3.00","","","","2"
"2010-11-17","Canada","2016A000011124","Chartered bank administered interest rates - Prime rate","Percent","239","units","0","v80691311","1.4","3.00","","","","2"
"2010-11-24","Canada","2016A000011124","Chartered bank administered interest rates - Prime rate","Percent","239","units","0","v80691311","1.4","3.00","","","","2"
"2010-12-01","Canada","2016A000011124","Chartered bank administered interest rates - Prime rate","Percent","239","units","0","v80691311","1.4","3.00","","","","2"
"2010-12-08","Canada","2016A000011124","Chartered bank administered interest rates - Prime rate","Percent","239","units","0","v80691311","1.4","3.00","","","","2"
"2010-12-15","Canada","2016A000011124","Chartered bank administered interest rates - Prime rate","Percent","239","units","0","v80691311","1.4","3.00","","","","2"
"2010-12-22","Canada","2016A000011124","Chartered bank administered interest rates - Prime rate","Percent","239","units","0","v80691311","1.4","3.00","","","","2"
"2010-12-29","Canada","2016A000011124","Chartered bank administered interest rates - Prime rate","Percent","239","units","0","v80691311","1.4","3.00","","","","2"
"2011-01-05","Canada","2016A000011124","Chartered bank administered interest rates - Prime rate","Percent","239","units","0","v80691311","1.4","3.00","","","","2"
"2011-01-12","Canada","2016A000011124","Chartered bank administered interest rates - Prime rate","Percent","239","units","0","v80691311","1.4","3.00","","","","2"
"2011-01-19","Canada","2016A000011124","Chartered bank administered interest rates - Prime rate","Percent","239","units","0","v80691311","1.4","3.00","","","","2"
"2011-01-26","Canada","2016A000011124","Chartered bank administered interest rates - Prime rate","Percent","239","units","0","v80691311","1.4","3.00","","","","2"
"2011-02-02","Canada","2016A000011124","Chartered bank administered interest rates - Prime rate","Percent","239","units","0","v80691311","1.4","3.00","","","","2"
"2011-02-09","Canada","2016A000011124","Chartered bank administered interest rates - Prime rate","Percent","239","units","0","v80691311","1.4","3.00","","","","2"
"2011-02-16","Canada","2016A000011124","Chartered bank administered interest rates - Prime rate","Percent","239","units","0","v80691311","1.4","3.00","","","","2"
"2011-02-23","Canada","2016A000011124","Chartered bank administered interest rates - Prime rate","Percent","239","units","0","v80691311","1.4","3.00","","","","2"
"2011-03-02","Canada","2016A000011124","Chartered bank administered interest rates - Prime rate","Percent","239","units","0","v80691311","1.4","3.00","","","","2"
"2011-03-09","Canada","2016A000011124","Chartered bank administered interest rates - Prime rate","Percent","239","units","0","v80691311","1.4","3.00","","","","2"
"2011-03-16","Canada","2016A000011124","Chartered bank administered interest rates - Prime rate","Percent","239","units","0","v80691311","1.4","3.00","","","","2"
"2011-03-23","Canada","2016A000011124","Chartered bank administered interest rates - Prime rate","Percent","239","units","0","v80691311","1.4","3.00","","","","2"
"2011-03-30","Canada","2016A000011124","Chartered bank administered interest rates - Prime rate","Percent","239","units","0","v80691311","1.4","3.00","","","","2"
"2011-04-06","Canada","2016A000011124","Chartered bank administered interest rates - Prime rate","Percent","239","units","0","v80691311","1.4","3.00","","","","2"
"2011-04-13","Canada","2016A000011124","Chartered bank administered interest rates - Prime rate","Percent","239","units","0","v80691311","1.4","3.00","","","","2"
"2011-04-20","Canada","2016A000011124","Chartered bank administered interest rates - Prime rate","Percent","239","units","0","v80691311","1.4","3.00","","","","2"
"2011-04-27","Canada","2016A000011124","Chartered bank administered interest rates - Prime rate","Percent","239","units","0","v80691311","1.4","3.00","","","","2"
"2011-05-04","Canada","2016A000011124","Chartered bank administered interest rates - Prime rate","Percent","239","units","0","v80691311","1.4","3.00","","","","2"
"2011-05-11","Canada","2016A000011124","Chartered bank administered interest rates - Prime rate","Percent","239","units","0","v80691311","1.4","3.00","","","","2"
"2011-05-18","Canada","2016A000011124","Chartered bank administered interest rates - Prime rate","Percent","239","units","0","v80691311","1.4","3.00","","","","2"
"2011-05-25","Canada","2016A000011124","Chartered bank administered interest rates - Prime rate","Percent","239","units","0","v80691311","1.4","3.00","","","","2"
"2011-06-01","Canada","2016A000011124","Chartered bank administered interest rates - Prime rate","Percent","239","units","0","v80691311","1.4","3.00","","","","2"
"2011-06-08","Canada","2016A000011124","Chartered bank administered interest rates - Prime rate","Percent","239","units","0","v80691311","1.4","3.00","","","","2"
"2011-06-15","Canada","2016A000011124","Chartered bank administered interest rates - Prime rate","Percent","239","units","0","v80691311","1.4","3.00","","","","2"
"2011-06-22","Canada","2016A000011124","Chartered bank administered interest rates - Prime rate","Percent","239","units","0","v80691311","1.4","3.00","","","","2"
"2011-06-29","Canada","2016A000011124","Chartered bank administered interest rates - Prime rate","Percent","239","units","0","v80691311","1.4","3.00","","","","2"
"2011-07-06","Canada","2016A000011124","Chartered bank administered interest rates - Prime rate","Percent","239","units","0","v80691311","1.4","3.00","","","","2"
"2011-07-13","Canada","2016A000011124","Chartered bank administered interest rates - Prime rate","Percent","239","units","0","v80691311","1.4","3.00","","","","2"
"2011-07-20","Canada","2016A000011124","Chartered bank administered interest rates - Prime rate","Percent","239","units","0","v80691311","1.4","3.00","","","","2"
"2011-07-27","Canada","2016A000011124","Chartered bank administered interest rates - Prime rate","Percent","239","units","0","v80691311","1.4","3.00","","","","2"
"2011-08-03","Canada","2016A000011124","Chartered bank administered interest rates - Prime rate","Percent","239","units","0","v80691311","1.4","3.00","","","","2"
"2011-08-10","Canada","2016A000011124","Chartered bank administered interest rates - Prime rate","Percent","239","units","0","v80691311","1.4","3.00","","","","2"
"2011-08-17","Canada","2016A000011124","Chartered bank administered interest rates - Prime rate","Percent","239","units","0","v80691311","1.4","3.00","","","","2"
"2011-08-24","Canada","2016A000011124","Chartered bank administered interest rates - Prime rate","Percent","239","units","0","v80691311","1.4","3.00","","","","2"
"2011-08-31","Canada","2016A000011124","Chartered bank administered interest rates - Prime rate","Percent","239","units","0","v80691311","1.4","3.00","","","","2"
"2011-09-07","Canada","2016A000011124","Chartered bank administered interest rates - Prime rate","Percent","239","units","0","v80691311","1.4","3.00","","","","2"
"2011-09-14","Canada","2016A000011124","Chartered bank administered interest rates - Prime rate","Percent","239","units","0","v80691311","1.4","3.00","","","","2"
"2011-09-21","Canada","2016A000011124","Chartered bank administered interest rates - Prime rate","Percent","239","units","0","v80691311","1.4","3.00","","","","2"
"2011-09-28","Canada","2016A000011124","Chartered bank administered interest rates - Prime rate","Percent","239","units","0","v80691311","1.4","3.00","","","","2"
"2011-10-05","Canada","2016A000011124","Chartered bank administered interest rates - Prime rate","Percent","239","units","0","v80691311","1.4","3.00","","","","2"
"2011-10-12","Canada","2016A000011124","Chartered bank administered interest rates - Prime rate","Percent","239","units","0","v80691311","1.4","3.00","","","","2"
"2011-10-19","Canada","2016A000011124","Chartered bank administered interest rates - Prime rate","Percent","239","units","0","v80691311","1.4","3.00","","","","2"
"2011-10-26","Canada","2016A000011124","Chartered bank administered interest rates - Prime rate","Percent","239","units","0","v80691311","1.4","3.00","","","","2"
"2011-11-02","Canada","2016A000011124","Chartered bank administered interest rates - Prime rate","Percent","239","units","0","v80691311","1.4","3.00","","","","2"
"2011-11-09","Canada","2016A000011124","Chartered bank administered interest rates - Prime rate","Percent","239","units","0","v80691311","1.4","3.00","","","","2"
"2011-11-16","Canada","2016A000011124","Chartered bank administered interest rates - Prime rate","Percent","239","units","0","v80691311","1.4","3.00","","","","2"
"2011-11-23","Canada","2016A000011124","Chartered bank administered interest rates - Prime rate","Percent","239","units","0","v80691311","1.4","3.00","","","","2"
"2011-11-30","Canada","2016A000011124","Chartered bank administered interest rates - Prime rate","Percent","239","units","0","v80691311","1.4","3.00","","","","2"
"2011-12-07","Canada","2016A000011124","Chartered bank administered interest rates - Prime rate","Percent","239","units","0","v80691311","1.4","3.00","","","","2"
"2011-12-14","Canada","2016A000011124","Chartered bank administered interest rates - Prime rate","Percent","239","units","0","v80691311","1.4","3.00","","","","2"
"2011-12-21","Canada","2016A000011124","Chartered bank administered interest rates - Prime rate","Percent","239","units","0","v80691311","1.4","3.00","","","","2"
"2011-12-28","Canada","2016A000011124","Chartered bank administered interest rates - Prime rate","Percent","239","units","0","v80691311","1.4","3.00","","","","2"
"2012-01-04","Canada","2016A000011124","Chartered bank administered interest rates - Prime rate","Percent","239","units","0","v80691311","1.4","3.00","","","","2"
"2012-01-11","Canada","2016A000011124","Chartered bank administered interest rates - Prime rate","Percent","239","units","0","v80691311","1.4","3.00","","","","2"
"2012-01-18","Canada","2016A000011124","Chartered bank administered interest rates - Prime rate","Percent","239","units","0","v80691311","1.4","3.00","","","","2"
"2012-01-25","Canada","2016A000011124","Chartered bank administered interest rates - Prime rate","Percent","239","units","0","v80691311","1.4","3.00","","","","2"
"2012-02-01","Canada","2016A000011124","Chartered bank administered interest rates - Prime rate","Percent","239","units","0","v80691311","1.4","3.00","","","","2"
"2012-02-08","Canada","2016A000011124","Chartered bank administered interest rates - Prime rate","Percent","239","units","0","v80691311","1.4","3.00","","","","2"
"2012-02-15","Canada","2016A000011124","Chartered bank administered interest rates - Prime rate","Percent","239","units","0","v80691311","1.4","3.00","","","","2"
"2012-02-22","Canada","2016A000011124","Chartered bank administered interest rates - Prime rate","Percent","239","units","0","v80691311","1.4","3.00","","","","2"
"2012-02-29","Canada","2016A000011124","Chartered bank administered interest rates - Prime rate","Percent","239","units","0","v80691311","1.4","3.00","","","","2"
"2012-03-07","Canada","2016A000011124","Chartered bank administered interest rates - Prime rate","Percent","239","units","0","v80691311","1.4","3.00","","","","2"
"2012-03-14","Canada","2016A000011124","Chartered bank administered interest rates - Prime rate","Percent","239","units","0","v80691311","1.4","3.00","","","","2"
"2012-03-21","Canada","2016A000011124","Chartered bank administered interest rates - Prime rate","Percent","239","units","0","v80691311","1.4","3.00","","","","2"
"2012-03-28","Canada","2016A000011124","Chartered bank administered interest rates - Prime rate","Percent","239","units","0","v80691311","1.4","3.00","","","","2"
"2012-04-04","Canada","2016A000011124","Chartered bank administered interest rates - Prime rate","Percent","239","units","0","v80691311","1.4","3.00","","","","2"
"2012-04-11","Canada","2016A000011124","Chartered bank administered interest rates - Prime rate","Percent","239","units","0","v80691311","1.4","3.00","","","","2"
"2012-04-18","Canada","2016A000011124","Chartered bank administered interest rates - Prime rate","Percent","239","units","0","v80691311","1.4","3.00","","","","2"
"2012-04-25","Canada","2016A000011124","Chartered bank administered interest rates - Prime rate","Percent","239","units","0","v80691311","1.4","3.00","","","","2"
"2012-05-02","Canada","2016A000011124","Chartered bank administered interest rates - Prime rate","Percent","239","units","0","v80691311","1.4","3.00","","","","2"
"2012-05-09","Canada","2016A000011124","Chartered bank administered interest rates - Prime rate","Percent","239","units","0","v80691311","1.4","3.00","","","","2"
"2012-05-16","Canada","2016A000011124","Chartered bank administered interest rates - Prime rate","Percent","239","units","0","v80691311","1.4","3.00","","","","2"
"2012-05-23","Canada","2016A000011124","Chartered bank administered interest rates - Prime rate","Percent","239","units","0","v80691311","1.4","3.00","","","","2"
"2012-05-30","Canada","2016A000011124","Chartered bank administered interest rates - Prime rate","Percent","239","units","0","v80691311","1.4","3.00","","","","2"
"2012-06-06","Canada","2016A000011124","Chartered bank administered interest rates - Prime rate","Percent","239","units","0","v80691311","1.4","3.00","","","","2"
"2012-06-13","Canada","2016A000011124","Chartered bank administered interest rates - Prime rate","Percent","239","units","0","v80691311","1.4","3.00","","","","2"
"2012-06-20","Canada","2016A000011124","Chartered bank administered interest rates - Prime rate","Percent","239","units","0","v80691311","1.4","3.00","","","","2"
"2012-06-27","Canada","2016A000011124","Chartered bank administered interest rates - Prime rate","Percent","239","units","0","v80691311","1.4","3.00","","","","2"
"2012-07-04","Canada","2016A000011124","Chartered bank administered interest rates - Prime rate","Percent","239","units","0","v80691311","1.4","3.00","","","","2"
"2012-07-11","Canada","2016A000011124","Chartered bank administered interest rates - Prime rate","Percent","239","units","0","v80691311","1.4","3.00","","","","2"
"2012-07-18","Canada","2016A000011124","Chartered bank administered interest rates - Prime rate","Percent","239","units","0","v80691311","1.4","3.00","","","","2"
"2012-07-25","Canada","2016A000011124","Chartered bank administered interest rates - Prime rate","Percent","239","units","0","v80691311","1.4","3.00","","","","2"
"2012-08-01","Canada","2016A000011124","Chartered bank administered interest rates - Prime rate","Percent","239","units","0","v80691311","1.4","3.00","","","","2"
"2012-08-08","Canada","2016A000011124","Chartered bank administered interest rates - Prime rate","Percent","239","units","0","v80691311","1.4","3.00","","","","2"
"2012-08-15","Canada","2016A000011124","Chartered bank administered interest rates - Prime rate","Percent","239","units","0","v80691311","1.4","3.00","","","","2"
"2012-08-22","Canada","2016A000011124","Chartered bank administered interest rates - Prime rate","Percent","239","units","0","v80691311","1.4","3.00","","","","2"
"2012-08-29","Canada","2016A000011124","Chartered bank administered interest rates - Prime rate","Percent","239","units","0","v80691311","1.4","3.00","","","","2"
"2012-09-05","Canada","2016A000011124","Chartered bank administered interest rates - Prime rate","Percent","239","units","0","v80691311","1.4","3.00","","","","2"
"2012-09-12","Canada","2016A000011124","Chartered bank administered interest rates - Prime rate","Percent","239","units","0","v80691311","1.4","3.00","","","","2"
"2012-09-19","Canada","2016A000011124","Chartered bank administered interest rates - Prime rate","Percent","239","units","0","v80691311","1.4","3.00","","","","2"
"2012-09-26","Canada","2016A000011124","Chartered bank administered interest rates - Prime rate","Percent","239","units","0","v80691311","1.4","3.00","","","","2"
"2012-10-03","Canada","2016A000011124","Chartered bank administered interest rates - Prime rate","Percent","239","units","0","v80691311","1.4","3.00","","","","2"
"2012-10-10","Canada","2016A000011124","Chartered bank administered interest rates - Prime rate","Percent","239","units","0","v80691311","1.4","3.00","","","","2"
"2012-10-17","Canada","2016A000011124","Chartered bank administered interest rates - Prime rate","Percent","239","units","0","v80691311","1.4","3.00","","","","2"
"2012-10-24","Canada","2016A000011124","Chartered bank administered interest rates - Prime rate","Percent","239","units","0","v80691311","1.4","3.00","","","","2"
"2012-10-31","Canada","2016A000011124","Chartered bank administered interest rates - Prime rate","Percent","239","units","0","v80691311","1.4","3.00","","","","2"
"2012-11-07","Canada","2016A000011124","Chartered bank administered interest rates - Prime rate","Percent","239","units","0","v80691311","1.4","3.00","","","","2"
"2012-11-14","Canada","2016A000011124","Chartered bank administered interest rates - Prime rate","Percent","239","units","0","v80691311","1.4","3.00","","","","2"
"2012-11-21","Canada","2016A000011124","Chartered bank administered interest rates - Prime rate","Percent","239","units","0","v80691311","1.4","3.00","","","","2"
"2012-11-28","Canada","2016A000011124","Chartered bank administered interest rates - Prime rate","Percent","239","units","0","v80691311","1.4","3.00","","","","2"
"2012-12-05","Canada","2016A000011124","Chartered bank administered interest rates - Prime rate","Percent","239","units","0","v80691311","1.4","3.00","","","","2"
"2012-12-12","Canada","2016A000011124","Chartered bank administered interest rates - Prime rate","Percent","239","units","0","v80691311","1.4","3.00","","","","2"
"2012-12-19","Canada","2016A000011124","Chartered bank administered interest rates - Prime rate","Percent","239","units","0","v80691311","1.4","3.00","","","","2"
"2012-12-26","Canada","2016A000011124","Chartered bank administered interest rates - Prime rate","Percent","239","units","0","v80691311","1.4","3.00","","","","2"
"2013-01-02","Canada","2016A000011124","Chartered bank administered interest rates - Prime rate","Percent","239","units","0","v80691311","1.4","3.00","","","","2"
"2013-01-09","Canada","2016A000011124","Chartered bank administered interest rates - Prime rate","Percent","239","units","0","v80691311","1.4","3.00","","","","2"
"2013-01-16","Canada","2016A000011124","Chartered bank administered interest rates - Prime rate","Percent","239","units","0","v80691311","1.4","3.00","","","","2"
"2013-01-23","Canada","2016A000011124","Chartered bank administered interest rates - Prime rate","Percent","239","units","0","v80691311","1.4","3.00","","","","2"
"2013-01-30","Canada","2016A000011124","Chartered bank administered interest rates - Prime rate","Percent","239","units","0","v80691311","1.4","3.00","","","","2"
"2013-02-06","Canada","2016A000011124","Chartered bank administered interest rates - Prime rate","Percent","239","units","0","v80691311","1.4","3.00","","","","2"
"2013-02-13","Canada","2016A000011124","Chartered bank administered interest rates - Prime rate","Percent","239","units","0","v80691311","1.4","3.00","","","","2"
"2013-02-20","Canada","2016A000011124","Chartered bank administered interest rates - Prime rate","Percent","239","units","0","v80691311","1.4","3.00","","","","2"
"2013-02-27","Canada","2016A000011124","Chartered bank administered interest rates - Prime rate","Percent","239","units","0","v80691311","1.4","3.00","","","","2"
"2013-03-06","Canada","2016A000011124","Chartered bank administered interest rates - Prime rate","Percent","239","units","0","v80691311","1.4","3.00","","","","2"
"2013-03-13","Canada","2016A000011124","Chartered bank administered interest rates - Prime rate","Percent","239","units","0","v80691311","1.4","3.00","","","","2"
"2013-03-20","Canada","2016A000011124","Chartered bank administered interest rates - Prime rate","Percent","239","units","0","v80691311","1.4","3.00","","","","2"
"2013-03-27","Canada","2016A000011124","Chartered bank administered interest rates - Prime rate","Percent","239","units","0","v80691311","1.4","3.00","","","","2"
"2013-04-03","Canada","2016A000011124","Chartered bank administered interest rates - Prime rate","Percent","239","units","0","v80691311","1.4","3.00","","","","2"
"2013-04-10","Canada","2016A000011124","Chartered bank administered interest rates - Prime rate","Percent","239","units","0","v80691311","1.4","3.00","","","","2"
"2013-04-17","Canada","2016A000011124","Chartered bank administered interest rates - Prime rate","Percent","239","units","0","v80691311","1.4","3.00","","","","2"
"2013-04-24","Canada","2016A000011124","Chartered bank administered interest rates - Prime rate","Percent","239","units","0","v80691311","1.4","3.00","","","","2"
"2013-05-01","Canada","2016A000011124","Chartered bank administered interest rates - Prime rate","Percent","239","units","0","v80691311","1.4","3.00","","","","2"
"2013-05-08","Canada","2016A000011124","Chartered bank administered interest rates - Prime rate","Percent","239","units","0","v80691311","1.4","3.00","","","","2"
"2013-05-15","Canada","2016A000011124","Chartered bank administered interest rates - Prime rate","Percent","239","units","0","v80691311","1.4","3.00","","","","2"
"2013-05-22","Canada","2016A000011124","Chartered bank administered interest rates - Prime rate","Percent","239","units","0","v80691311","1.4","3.00","","","","2"
"2013-05-29","Canada","2016A000011124","Chartered bank administered interest rates - Prime rate","Percent","239","units","0","v80691311","1.4","3.00","","","","2"
"2013-06-05","Canada","2016A000011124","Chartered bank administered interest rates - Prime rate","Percent","239","units","0","v80691311","1.4","3.00","","","","2"
"2013-06-12","Canada","2016A000011124","Chartered bank administered interest rates - Prime rate","Percent","239","units","0","v80691311","1.4","3.00","","","","2"
"2013-06-19","Canada","2016A000011124","Chartered bank administered interest rates - Prime rate","Percent","239","units","0","v80691311","1.4","3.00","","","","2"
"2013-06-26","Canada","2016A000011124","Chartered bank administered interest rates - Prime rate","Percent","239","units","0","v80691311","1.4","3.00","","","","2"
"2013-07-03","Canada","2016A000011124","Chartered bank administered interest rates - Prime rate","Percent","239","units","0","v80691311","1.4","3.00","","","","2"
"2013-07-10","Canada","2016A000011124","Chartered bank administered interest rates - Prime rate","Percent","239","units","0","v80691311","1.4","3.00","","","","2"
"2013-07-17","Canada","2016A000011124","Chartered bank administered interest rates - Prime rate","Percent","239","units","0","v80691311","1.4","3.00","","","","2"
"2013-07-24","Canada","2016A000011124","Chartered bank administered interest rates - Prime rate","Percent","239","units","0","v80691311","1.4","3.00","","","","2"
"2013-07-31","Canada","2016A000011124","Chartered bank administered interest rates - Prime rate","Percent","239","units","0","v80691311","1.4","3.00","","","","2"
"2013-08-07","Canada","2016A000011124","Chartered bank administered interest rates - Prime rate","Percent","239","units","0","v80691311","1.4","3.00","","","","2"
"2013-08-14","Canada","2016A000011124","Chartered bank administered interest rates - Prime rate","Percent","239","units","0","v80691311","1.4","3.00","","","","2"
"2013-08-21","Canada","2016A000011124","Chartered bank administered interest rates - Prime rate","Percent","239","units","0","v80691311","1.4","3.00","","","","2"
"2013-08-28","Canada","2016A000011124","Chartered bank administered interest rates - Prime rate","Percent","239","units","0","v80691311","1.4","3.00","","","","2"
"2013-09-04","Canada","2016A000011124","Chartered bank administered interest rates - Prime rate","Percent","239","units","0","v80691311","1.4","3.00","","","","2"
"2013-09-11","Canada","2016A000011124","Chartered bank administered interest rates - Prime rate","Percent","239","units","0","v80691311","1.4","3.00","","","","2"
"2013-09-18","Canada","2016A000011124","Chartered bank administered interest rates - Prime rate","Percent","239","units","0","v80691311","1.4","3.00","","","","2"
"2013-09-25","Canada","2016A000011124","Chartered bank administered interest rates - Prime rate","Percent","239","units","0","v80691311","1.4","3.00","","","","2"
"2013-10-02","Canada","2016A000011124","Chartered bank administered interest rates - Prime rate","Percent","239","units","0","v80691311","1.4","3.00","","","","2"
"2013-10-09","Canada","2016A000011124","Chartered bank administered interest rates - Prime rate","Percent","239","units","0","v80691311","1.4","3.00","","","","2"
"2013-10-16","Canada","2016A000011124","Chartered bank administered interest rates - Prime rate","Percent","239","units","0","v80691311","1.4","3.00","","","","2"
"2013-10-23","Canada","2016A000011124","Chartered bank administered interest rates - Prime rate","Percent","239","units","0","v80691311","1.4","3.00","","","","2"
"2013-10-30","Canada","2016A000011124","Chartered bank administered interest rates - Prime rate","Percent","239","units","0","v80691311","1.4","3.00","","","","2"
"2013-11-06","Canada","2016A000011124","Chartered bank administered interest rates - Prime rate","Percent","239","units","0","v80691311","1.4","3.00","","","","2"
"2013-11-13","Canada","2016A000011124","Chartered bank administered interest rates - Prime rate","Percent","239","units","0","v80691311","1.4","3.00","","","","2"
"2013-11-20","Canada","2016A000011124","Chartered bank administered interest rates - Prime rate","Percent","239","units","0","v80691311","1.4","3.00","","","","2"
"2013-11-27","Canada","2016A000011124","Chartered bank administered interest rates - Prime rate","Percent","239","units","0","v80691311","1.4","3.00","","","","2"
"2013-12-04","Canada","2016A000011124","Chartered bank administered interest rates - Prime rate","Percent","239","units","0","v80691311","1.4","3.00","","","","2"
"2013-12-11","Canada","2016A000011124","Chartered bank administered interest rates - Prime rate","Percent","239","units","0","v80691311","1.4","3.00","","","","2"
"2013-12-18","Canada","2016A000011124","Chartered bank administered interest rates - Prime rate","Percent","239","units","0","v80691311","1.4","3.00","","","","2"
"2013-12-25","Canada","2016A000011124","Chartered bank administered interest rates - Prime rate","Percent","239","units","0","v80691311","1.4","3.00","","","","2"
"2014-01-01","Canada","2016A000011124","Chartered bank administered interest rates - Prime rate","Percent","239","units","0","v80691311","1.4","3.00","","","","2"
"2014-01-08","Canada","2016A000011124","Chartered bank administered interest rates - Prime rate","Percent","239","units","0","v80691311","1.4","3.00","","","","2"
"2014-01-15","Canada","2016A000011124","Chartered bank administered interest rates - Prime rate","Percent","239","units","0","v80691311","1.4","3.00","","","","2"
"2014-01-22","Canada","2016A000011124","Chartered bank administered interest rates - Prime rate","Percent","239","units","0","v80691311","1.4","3.00","","","","2"
"2014-01-29","Canada","2016A000011124","Chartered bank administered interest rates - Prime rate","Percent","239","units","0","v80691311","1.4","3.00","","","","2"
"2014-02-05","Canada","2016A000011124","Chartered bank administered interest rates - Prime rate","Percent","239","units","0","v80691311","1.4","3.00","","","","2"
"2014-02-12","Canada","2016A000011124","Chartered bank administered interest rates - Prime rate","Percent","239","units","0","v80691311","1.4","3.00","","","","2"
"2014-02-19","Canada","2016A000011124","Chartered bank administered interest rates - Prime rate","Percent","239","units","0","v80691311","1.4","3.00","","","","2"
"2014-02-26","Canada","2016A000011124","Chartered bank administered interest rates - Prime rate","Percent","239","units","0","v80691311","1.4","3.00","","","","2"
"2014-03-05","Canada","2016A000011124","Chartered bank administered interest rates - Prime rate","Percent","239","units","0","v80691311","1.4","3.00","","","","2"
"2014-03-12","Canada","2016A000011124","Chartered bank administered interest rates - Prime rate","Percent","239","units","0","v80691311","1.4","3.00","","","","2"
"2014-03-19","Canada","2016A000011124","Chartered bank administered interest rates - Prime rate","Percent","239","units","0","v80691311","1.4","3.00","","","","2"
"2014-03-26","Canada","2016A000011124","Chartered bank administered interest rates - Prime rate","Percent","239","units","0","v80691311","1.4","3.00","","","","2"
"2014-04-02","Canada","2016A000011124","Chartered bank administered interest rates - Prime rate","Percent","239","units","0","v80691311","1.4","3.00","","","","2"
"2014-04-09","Canada","2016A000011124","Chartered bank administered interest rates - Prime rate","Percent","239","units","0","v80691311","1.4","3.00","","","","2"
"2014-04-16","Canada","2016A000011124","Chartered bank administered interest rates - Prime rate","Percent","239","units","0","v80691311","1.4","3.00","","","","2"
"2014-04-23","Canada","2016A000011124","Chartered bank administered interest rates - Prime rate","Percent","239","units","0","v80691311","1.4","3.00","","","","2"
"2014-04-30","Canada","2016A000011124","Chartered bank administered interest rates - Prime rate","Percent","239","units","0","v80691311","1.4","3.00","","","","2"
"2014-05-07","Canada","2016A000011124","Chartered bank administered interest rates - Prime rate","Percent","239","units","0","v80691311","1.4","3.00","","","","2"
"2014-05-14","Canada","2016A000011124","Chartered bank administered interest rates - Prime rate","Percent","239","units","0","v80691311","1.4","3.00","","","","2"
"2014-05-21","Canada","2016A000011124","Chartered bank administered interest rates - Prime rate","Percent","239","units","0","v80691311","1.4","3.00","","","","2"
"2014-05-28","Canada","2016A000011124","Chartered bank administered interest rates - Prime rate","Percent","239","units","0","v80691311","1.4","3.00","","","","2"
"2014-06-04","Canada","2016A000011124","Chartered bank administered interest rates - Prime rate","Percent","239","units","0","v80691311","1.4","3.00","","","","2"
"2014-06-11","Canada","2016A000011124","Chartered bank administered interest rates - Prime rate","Percent","239","units","0","v80691311","1.4","3.00","","","","2"
"2014-06-18","Canada","2016A000011124","Chartered bank administered interest rates - Prime rate","Percent","239","units","0","v80691311","1.4","3.00","","","","2"
"2014-06-25","Canada","2016A000011124","Chartered bank administered interest rates - Prime rate","Percent","239","units","0","v80691311","1.4","3.00","","","","2"
"2014-07-02","Canada","2016A000011124","Chartered bank administered interest rates - Prime rate","Percent","239","units","0","v80691311","1.4","3.00","","","","2"
"2014-07-09","Canada","2016A000011124","Chartered bank administered interest rates - Prime rate","Percent","239","units","0","v80691311","1.4","3.00","","","","2"
"2014-07-16","Canada","2016A000011124","Chartered bank administered interest rates - Prime rate","Percent","239","units","0","v80691311","1.4","3.00","","","","2"
"2014-07-23","Canada","2016A000011124","Chartered bank administered interest rates - Prime rate","Percent","239","units","0","v80691311","1.4","3.00","","","","2"
"2014-07-30","Canada","2016A000011124","Chartered bank administered interest rates - Prime rate","Percent","239","units","0","v80691311","1.4","3.00","","","","2"
"2014-08-06","Canada","2016A000011124","Chartered bank administered interest rates - Prime rate","Percent","239","units","0","v80691311","1.4","3.00","","","","2"
"2014-08-13","Canada","2016A000011124","Chartered bank administered interest rates - Prime rate","Percent","239","units","0","v80691311","1.4","3.00","","","","2"
"2014-08-20","Canada","2016A000011124","Chartered bank administered interest rates - Prime rate","Percent","239","units","0","v80691311","1.4","3.00","","","","2"
"2014-08-27","Canada","2016A000011124","Chartered bank administered interest rates - Prime rate","Percent","239","units","0","v80691311","1.4","3.00","","","","2"
"2014-09-03","Canada","2016A000011124","Chartered bank administered interest rates - Prime rate","Percent","239","units","0","v80691311","1.4","3.00","","","","2"
"2014-09-10","Canada","2016A000011124","Chartered bank administered interest rates - Prime rate","Percent","239","units","0","v80691311","1.4","3.00","","","","2"
"2014-09-17","Canada","2016A000011124","Chartered bank administered interest rates - Prime rate","Percent","239","units","0","v80691311","1.4","3.00","","","","2"
"2014-09-24","Canada","2016A000011124","Chartered bank administered interest rates - Prime rate","Percent","239","units","0","v80691311","1.4","3.00","","","","2"
"2014-10-01","Canada","2016A000011124","Chartered bank administered interest rates - Prime rate","Percent","239","units","0","v80691311","1.4","3.00","","","","2"
"2014-10-08","Canada","2016A000011124","Chartered bank administered interest rates - Prime rate","Percent","239","units","0","v80691311","1.4","3.00","","","","2"
"2014-10-15","Canada","2016A000011124","Chartered bank administered interest rates - Prime rate","Percent","239","units","0","v80691311","1.4","3.00","","","","2"
"2014-10-22","Canada","2016A000011124","Chartered bank administered interest rates - Prime rate","Percent","239","units","0","v80691311","1.4","3.00","","","","2"
"2014-10-29","Canada","2016A000011124","Chartered bank administered interest rates - Prime rate","Percent","239","units","0","v80691311","1.4","3.00","","","","2"
"2014-11-05","Canada","2016A000011124","Chartered bank administered interest rates - Prime rate","Percent","239","units","0","v80691311","1.4","3.00","","","","2"
"2014-11-12","Canada","2016A000011124","Chartered bank administered interest rates - Prime rate","Percent","239","units","0","v80691311","1.4","3.00","","","","2"
"2014-11-19","Canada","2016A000011124","Chartered bank administered interest rates - Prime rate","Percent","239","units","0","v80691311","1.4","3.00","","","","2"
"2014-11-26","Canada","2016A000011124","Chartered bank administered interest rates - Prime rate","Percent","239","units","0","v80691311","1.4","3.00","","","","2"
"2014-12-03","Canada","2016A000011124","Chartered bank administered interest rates - Prime rate","Percent","239","units","0","v80691311","1.4","3.00","","","","2"
"2014-12-10","Canada","2016A000011124","Chartered bank administered interest rates - Prime rate","Percent","239","units","0","v80691311","1.4","3.00","","","","2"
"2014-12-17","Canada","2016A000011124","Chartered bank administered interest rates - Prime rate","Percent","239","units","0","v80691311","1.4","3.00","","","","2"
"2014-12-24","Canada","2016A000011124","Chartered bank administered interest rates - Prime rate","Percent","239","units","0","v80691311","1.4","3.00","","","","2"
"2014-12-31","Canada","2016A000011124","Chartered bank administered interest rates - Prime rate","Percent","239","units","0","v80691311","1.4","3.00","","","","2"
"2015-01-07","Canada","2016A000011124","Chartered bank administered interest rates - Prime rate","Percent","239","units","0","v80691311","1.4","3.00","","","","2"
"2015-01-14","Canada","2016A000011124","Chartered bank administered interest rates - Prime rate","Percent","239","units","0","v80691311","1.4","3.00","","","","2"
"2015-01-21","Canada","2016A000011124","Chartered bank administered interest rates - Prime rate","Percent","239","units","0","v80691311","1.4","3.00","","","","2"
"2015-01-28","Canada","2016A000011124","Chartered bank administered interest rates - Prime rate","Percent","239","units","0","v80691311","1.4","2.85","","","","2"
"2015-02-04","Canada","2016A000011124","Chartered bank administered interest rates - Prime rate","Percent","239","units","0","v80691311","1.4","2.85","","","","2"
"2015-02-11","Canada","2016A000011124","Chartered bank administered interest rates - Prime rate","Percent","239","units","0","v80691311","1.4","2.85","","","","2"
"2015-02-18","Canada","2016A000011124","Chartered bank administered interest rates - Prime rate","Percent","239","units","0","v80691311","1.4","2.85","","","","2"
"2015-02-25","Canada","2016A000011124","Chartered bank administered interest rates - Prime rate","Percent","239","units","0","v80691311","1.4","2.85","","","","2"
"2015-03-04","Canada","2016A000011124","Chartered bank administered interest rates - Prime rate","Percent","239","units","0","v80691311","1.4","2.85","","","","2"
"2015-03-11","Canada","2016A000011124","Chartered bank administered interest rates - Prime rate","Percent","239","units","0","v80691311","1.4","2.85","","","","2"
"2015-03-18","Canada","2016A000011124","Chartered bank administered interest rates - Prime rate","Percent","239","units","0","v80691311","1.4","2.85","","","","2"
"2015-03-25","Canada","2016A000011124","Chartered bank administered interest rates - Prime rate","Percent","239","units","0","v80691311","1.4","2.85","","","","2"
"2015-04-01","Canada","2016A000011124","Chartered bank administered interest rates - Prime rate","Percent","239","units","0","v80691311","1.4","2.85","","","","2"
"2015-04-08","Canada","2016A000011124","Chartered bank administered interest rates - Prime rate","Percent","239","units","0","v80691311","1.4","2.85","","","","2"
"2015-04-15","Canada","2016A000011124","Chartered bank administered interest rates - Prime rate","Percent","239","units","0","v80691311","1.4","2.85","","","","2"
"2015-04-22","Canada","2016A000011124","Chartered bank administered interest rates - Prime rate","Percent","239","units","0","v80691311","1.4","2.85","","","","2"
"2015-04-29","Canada","2016A000011124","Chartered bank administered interest rates - Prime rate","Percent","239","units","0","v80691311","1.4","2.85","","","","2"
"2015-05-06","Canada","2016A000011124","Chartered bank administered interest rates - Prime rate","Percent","239","units","0","v80691311","1.4","2.85","","","","2"
"2015-05-13","Canada","2016A000011124","Chartered bank administered interest rates - Prime rate","Percent","239","units","0","v80691311","1.4","2.85","","","","2"
"2015-05-20","Canada","2016A000011124","Chartered bank administered interest rates - Prime rate","Percent","239","units","0","v80691311","1.4","2.85","","","","2"
"2015-05-27","Canada","2016A000011124","Chartered bank administered interest rates - Prime rate","Percent","239","units","0","v80691311","1.4","2.85","","","","2"
"2015-06-03","Canada","2016A000011124","Chartered bank administered interest rates - Prime rate","Percent","239","units","0","v80691311","1.4","2.85","","","","2"
"2015-06-10","Canada","2016A000011124","Chartered bank administered interest rates - Prime rate","Percent","239","units","0","v80691311","1.4","2.85","","","","2"
"2015-06-17","Canada","2016A000011124","Chartered bank administered interest rates - Prime rate","Percent","239","units","0","v80691311","1.4","2.85","","","","2"
"2015-06-24","Canada","2016A000011124","Chartered bank administered interest rates - Prime rate","Percent","239","units","0","v80691311","1.4","2.85","","","","2"
"2015-07-01","Canada","2016A000011124","Chartered bank administered interest rates - Prime rate","Percent","239","units","0","v80691311","1.4","2.85","","","","2"
"2015-07-08","Canada","2016A000011124","Chartered bank administered interest rates - Prime rate","Percent","239","units","0","v80691311","1.4","2.85","","","","2"
"2015-07-15","Canada","2016A000011124","Chartered bank administered interest rates - Prime rate","Percent","239","units","0","v80691311","1.4","2.85","","","","2"
"2015-07-22","Canada","2016A000011124","Chartered bank administered interest rates - Prime rate","Percent","239","units","0","v80691311","1.4","2.70","","","","2"
"2015-07-29","Canada","2016A000011124","Chartered bank administered interest rates - Prime rate","Percent","239","units","0","v80691311","1.4","2.70","","","","2"
"2015-08-05","Canada","2016A000011124","Chartered bank administered interest rates - Prime rate","Percent","239","units","0","v80691311","1.4","2.70","","","","2"
"2015-08-12","Canada","2016A000011124","Chartered bank administered interest rates - Prime rate","Percent","239","units","0","v80691311","1.4","2.70","","","","2"
"2015-08-19","Canada","2016A000011124","Chartered bank administered interest rates - Prime rate","Percent","239","units","0","v80691311","1.4","2.70","","","","2"
"2015-08-26","Canada","2016A000011124","Chartered bank administered interest rates - Prime rate","Percent","239","units","0","v80691311","1.4","2.70","","","","2"
"2015-09-02","Canada","2016A000011124","Chartered bank administered interest rates - Prime rate","Percent","239","units","0","v80691311","1.4","2.70","","","","2"
"2015-09-09","Canada","2016A000011124","Chartered bank administered interest rates - Prime rate","Percent","239","units","0","v80691311","1.4","2.70","","","","2"
"2015-09-16","Canada","2016A000011124","Chartered bank administered interest rates - Prime rate","Percent","239","units","0","v80691311","1.4","2.70","","","","2"
"2015-09-23","Canada","2016A000011124","Chartered bank administered interest rates - Prime rate","Percent","239","units","0","v80691311","1.4","2.70","","","","2"
"2015-09-30","Canada","2016A000011124","Chartered bank administered interest rates - Prime rate","Percent","239","units","0","v80691311","1.4","2.70","","","","2"
"2015-10-07","Canada","2016A000011124","Chartered bank administered interest rates - Prime rate","Percent","239","units","0","v80691311","1.4","2.70","","","","2"
"2015-10-14","Canada","2016A000011124","Chartered bank administered interest rates - Prime rate","Percent","239","units","0","v80691311","1.4","2.70","","","","2"
"2015-10-21","Canada","2016A000011124","Chartered bank administered interest rates - Prime rate","Percent","239","units","0","v80691311","1.4","2.70","","","","2"
"2015-10-28","Canada","2016A000011124","Chartered bank administered interest rates - Prime rate","Percent","239","units","0","v80691311","1.4","2.70","","","","2"
"2015-11-04","Canada","2016A000011124","Chartered bank administered interest rates - Prime rate","Percent","239","units","0","v80691311","1.4","2.70","","","","2"
"2015-11-11","Canada","2016A000011124","Chartered bank administered interest rates - Prime rate","Percent","239","units","0","v80691311","1.4","2.70","","","","2"
"2015-11-18","Canada","2016A000011124","Chartered bank administered interest rates - Prime rate","Percent","239","units","0","v80691311","1.4","2.70","","","","2"
"2015-11-25","Canada","2016A000011124","Chartered bank administered interest rates - Prime rate","Percent","239","units","0","v80691311","1.4","2.70","","","","2"
"2015-12-02","Canada","2016A000011124","Chartered bank administered interest rates - Prime rate","Percent","239","units","0","v80691311","1.4","2.70","","","","2"
"2015-12-09","Canada","2016A000011124","Chartered bank administered interest rates - Prime rate","Percent","239","units","0","v80691311","1.4","2.70","","","","2"
"2015-12-16","Canada","2016A000011124","Chartered bank administered interest rates - Prime rate","Percent","239","units","0","v80691311","1.4","2.70","","","","2"
"2015-12-23","Canada","2016A000011124","Chartered bank administered interest rates - Prime rate","Percent","239","units","0","v80691311","1.4","2.70","","","","2"
"2015-12-30","Canada","2016A000011124","Chartered bank administered interest rates - Prime rate","Percent","239","units","0","v80691311","1.4","2.70","","","","2"
"2016-01-06","Canada","2016A000011124","Chartered bank administered interest rates - Prime rate","Percent","239","units","0","v80691311","1.4","2.70","","","","2"
"2016-01-13","Canada","2016A000011124","Chartered bank administered interest rates - Prime rate","Percent","239","units","0","v80691311","1.4","2.70","","","","2"
"2016-01-20","Canada","2016A000011124","Chartered bank administered interest rates - Prime rate","Percent","239","units","0","v80691311","1.4","2.70","","","","2"
"2016-01-27","Canada","2016A000011124","Chartered bank administered interest rates - Prime rate","Percent","239","units","0","v80691311","1.4","2.70","","","","2"
"2016-02-03","Canada","2016A000011124","Chartered bank administered interest rates - Prime rate","Percent","239","units","0","v80691311","1.4","2.70","","","","2"
"2016-02-10","Canada","2016A000011124","Chartered bank administered interest rates - Prime rate","Percent","239","units","0","v80691311","1.4","2.70","","","","2"
"2016-02-17","Canada","2016A000011124","Chartered bank administered interest rates - Prime rate","Percent","239","units","0","v80691311","1.4","2.70","","","","2"
"2016-02-24","Canada","2016A000011124","Chartered bank administered interest rates - Prime rate","Percent","239","units","0","v80691311","1.4","2.70","","","","2"
"2016-03-02","Canada","2016A000011124","Chartered bank administered interest rates - Prime rate","Percent","239","units","0","v80691311","1.4","2.70","","","","2"
"2016-03-09","Canada","2016A000011124","Chartered bank administered interest rates - Prime rate","Percent","239","units","0","v80691311","1.4","2.70","","","","2"
"2016-03-16","Canada","2016A000011124","Chartered bank administered interest rates - Prime rate","Percent","239","units","0","v80691311","1.4","2.70","","","","2"
"2016-03-23","Canada","2016A000011124","Chartered bank administered interest rates - Prime rate","Percent","239","units","0","v80691311","1.4","2.70","","","","2"
"2016-03-30","Canada","2016A000011124","Chartered bank administered interest rates - Prime rate","Percent","239","units","0","v80691311","1.4","2.70","","","","2"
"2016-04-06","Canada","2016A000011124","Chartered bank administered interest rates - Prime rate","Percent","239","units","0","v80691311","1.4","2.70","","","","2"
"2016-04-13","Canada","2016A000011124","Chartered bank administered interest rates - Prime rate","Percent","239","units","0","v80691311","1.4","2.70","","","","2"
"2016-04-20","Canada","2016A000011124","Chartered bank administered interest rates - Prime rate","Percent","239","units","0","v80691311","1.4","2.70","","","","2"
"2016-04-27","Canada","2016A000011124","Chartered bank administered interest rates - Prime rate","Percent","239","units","0","v80691311","1.4","2.70","","","","2"
"2016-05-04","Canada","2016A000011124","Chartered bank administered interest rates - Prime rate","Percent","239","units","0","v80691311","1.4","2.70","","","","2"
"2016-05-11","Canada","2016A000011124","Chartered bank administered interest rates - Prime rate","Percent","239","units","0","v80691311","1.4","2.70","","","","2"
"2016-05-18","Canada","2016A000011124","Chartered bank administered interest rates - Prime rate","Percent","239","units","0","v80691311","1.4","2.70","","","","2"
"2016-05-25","Canada","2016A000011124","Chartered bank administered interest rates - Prime rate","Percent","239","units","0","v80691311","1.4","2.70","","","","2"
"2016-06-01","Canada","2016A000011124","Chartered bank administered interest rates - Prime rate","Percent","239","units","0","v80691311","1.4","2.70","","","","2"
"2016-06-08","Canada","2016A000011124","Chartered bank administered interest rates - Prime rate","Percent","239","units","0","v80691311","1.4","2.70","","","","2"
"2016-06-15","Canada","2016A000011124","Chartered bank administered interest rates - Prime rate","Percent","239","units","0","v80691311","1.4","2.70","","","","2"
"2016-06-22","Canada","2016A000011124","Chartered bank administered interest rates - Prime rate","Percent","239","units","0","v80691311","1.4","2.70","","","","2"
"2016-06-29","Canada","2016A000011124","Chartered bank administered interest rates - Prime rate","Percent","239","units","0","v80691311","1.4","2.70","","","","2"
"2016-07-06","Canada","2016A000011124","Chartered bank administered interest rates - Prime rate","Percent","239","units","0","v80691311","1.4","2.70","","","","2"
"2016-07-13","Canada","2016A000011124","Chartered bank administered interest rates - Prime rate","Percent","239","units","0","v80691311","1.4","2.70","","","","2"
"2016-07-20","Canada","2016A000011124","Chartered bank administered interest rates - Prime rate","Percent","239","units","0","v80691311","1.4","2.70","","","","2"
"2016-07-27","Canada","2016A000011124","Chartered bank administered interest rates - Prime rate","Percent","239","units","0","v80691311","1.4","2.70","","","","2"
"2016-08-03","Canada","2016A000011124","Chartered bank administered interest rates - Prime rate","Percent","239","units","0","v80691311","1.4","2.70","","","","2"
"2016-08-10","Canada","2016A000011124","Chartered bank administered interest rates - Prime rate","Percent","239","units","0","v80691311","1.4","2.70","","","","2"
"2016-08-17","Canada","2016A000011124","Chartered bank administered interest rates - Prime rate","Percent","239","units","0","v80691311","1.4","2.70","","","","2"
"2016-08-24","Canada","2016A000011124","Chartered bank administered interest rates - Prime rate","Percent","239","units","0","v80691311","1.4","2.70","","","","2"
"2016-08-31","Canada","2016A000011124","Chartered bank administered interest rates - Prime rate","Percent","239","units","0","v80691311","1.4","2.70","","","","2"
"2016-09-07","Canada","2016A000011124","Chartered bank administered interest rates - Prime rate","Percent","239","units","0","v80691311","1.4","2.70","","","","2"
"2016-09-14","Canada","2016A000011124","Chartered bank administered interest rates - Prime rate","Percent","239","units","0","v80691311","1.4","2.70","","","","2"
"2016-09-21","Canada","2016A000011124","Chartered bank administered interest rates - Prime rate","Percent","239","units","0","v80691311","1.4","2.70","","","","2"
"2016-09-28","Canada","2016A000011124","Chartered bank administered interest rates - Prime rate","Percent","239","units","0","v80691311","1.4","2.70","","","","2"
"2016-10-05","Canada","2016A000011124","Chartered bank administered interest rates - Prime rate","Percent","239","units","0","v80691311","1.4","2.70","","","","2"
"2016-10-12","Canada","2016A000011124","Chartered bank administered interest rates - Prime rate","Percent","239","units","0","v80691311","1.4","2.70","","","","2"
"2016-10-19","Canada","2016A000011124","Chartered bank administered interest rates - Prime rate","Percent","239","units","0","v80691311","1.4","2.70","","","","2"
"2016-10-26","Canada","2016A000011124","Chartered bank administered interest rates - Prime rate","Percent","239","units","0","v80691311","1.4","2.70","","","","2"
"2016-11-02","Canada","2016A000011124","Chartered bank administered interest rates - Prime rate","Percent","239","units","0","v80691311","1.4","2.70","","","","2"
"2016-11-09","Canada","2016A000011124","Chartered bank administered interest rates - Prime rate","Percent","239","units","0","v80691311","1.4","2.70","","","","2"
"2016-11-16","Canada","2016A000011124","Chartered bank administered interest rates - Prime rate","Percent","239","units","0","v80691311","1.4","2.70","","","","2"
"2016-11-23","Canada","2016A000011124","Chartered bank administered interest rates - Prime rate","Percent","239","units","0","v80691311","1.4","2.70","","","","2"
"2016-11-30","Canada","2016A000011124","Chartered bank administered interest rates - Prime rate","Percent","239","units","0","v80691311","1.4","2.70","","","","2"
"2016-12-07","Canada","2016A000011124","Chartered bank administered interest rates - Prime rate","Percent","239","units","0","v80691311","1.4","2.70","","","","2"
"2016-12-14","Canada","2016A000011124","Chartered bank administered interest rates - Prime rate","Percent","239","units","0","v80691311","1.4","2.70","","","","2"
"2016-12-21","Canada","2016A000011124","Chartered bank administered interest rates - Prime rate","Percent","239","units","0","v80691311","1.4","2.70","","","","2"
"2016-12-28","Canada","2016A000011124","Chartered bank administered interest rates - Prime rate","Percent","239","units","0","v80691311","1.4","2.70","","","","2"
"2017-01-04","Canada","2016A000011124","Chartered bank administered interest rates - Prime rate","Percent","239","units","0","v80691311","1.4","2.70","","","","2"
"2017-01-11","Canada","2016A000011124","Chartered bank administered interest rates - Prime rate","Percent","239","units","0","v80691311","1.4","2.70","","","","2"
"2017-01-18","Canada","2016A000011124","Chartered bank administered interest rates - Prime rate","Percent","239","units","0","v80691311","1.4","2.70","","","","2"
"2017-01-25","Canada","2016A000011124","Chartered bank administered interest rates - Prime rate","Percent","239","units","0","v80691311","1.4","2.70","","","","2"
"2017-02-01","Canada","2016A000011124","Chartered bank administered interest rates - Prime rate","Percent","239","units","0","v80691311","1.4","2.70","","","","2"
"2017-02-08","Canada","2016A000011124","Chartered bank administered interest rates - Prime rate","Percent","239","units","0","v80691311","1.4","2.70","","","","2"
"2017-02-15","Canada","2016A000011124","Chartered bank administered interest rates - Prime rate","Percent","239","units","0","v80691311","1.4","2.70","","","","2"
"2017-02-22","Canada","2016A000011124","Chartered bank administered interest rates - Prime rate","Percent","239","units","0","v80691311","1.4","2.70","","","","2"
"2017-03-01","Canada","2016A000011124","Chartered bank administered interest rates - Prime rate","Percent","239","units","0","v80691311","1.4","2.70","","","","2"
"2017-03-08","Canada","2016A000011124","Chartered bank administered interest rates - Prime rate","Percent","239","units","0","v80691311","1.4","2.70","","","","2"
"2017-03-15","Canada","2016A000011124","Chartered bank administered interest rates - Prime rate","Percent","239","units","0","v80691311","1.4","2.70","","","","2"
"2017-03-22","Canada","2016A000011124","Chartered bank administered interest rates - Prime rate","Percent","239","units","0","v80691311","1.4","2.70","","","","2"
"2017-03-29","Canada","2016A000011124","Chartered bank administered interest rates - Prime rate","Percent","239","units","0","v80691311","1.4","2.70","","","","2"
"2017-04-05","Canada","2016A000011124","Chartered bank administered interest rates - Prime rate","Percent","239","units","0","v80691311","1.4","2.70","","","","2"
"2017-04-12","Canada","2016A000011124","Chartered bank administered interest rates - Prime rate","Percent","239","units","0","v80691311","1.4","2.70","","","","2"
"2017-04-19","Canada","2016A000011124","Chartered bank administered interest rates - Prime rate","Percent","239","units","0","v80691311","1.4","2.70","","","","2"
"2017-04-26","Canada","2016A000011124","Chartered bank administered interest rates - Prime rate","Percent","239","units","0","v80691311","1.4","2.70","","","","2"
"2017-05-03","Canada","2016A000011124","Chartered bank administered interest rates - Prime rate","Percent","239","units","0","v80691311","1.4","2.70","","","","2"
"2017-05-10","Canada","2016A000011124","Chartered bank administered interest rates - Prime rate","Percent","239","units","0","v80691311","1.4","2.70","","","","2"
"2017-05-17","Canada","2016A000011124","Chartered bank administered interest rates - Prime rate","Percent","239","units","0","v80691311","1.4","2.70","","","","2"
"2017-05-24","Canada","2016A000011124","Chartered bank administered interest rates - Prime rate","Percent","239","units","0","v80691311","1.4","2.70","","","","2"
"2017-05-31","Canada","2016A000011124","Chartered bank administered interest rates - Prime rate","Percent","239","units","0","v80691311","1.4","2.70","","","","2"
"2017-06-07","Canada","2016A000011124","Chartered bank administered interest rates - Prime rate","Percent","239","units","0","v80691311","1.4","2.70","","","","2"
"2017-06-14","Canada","2016A000011124","Chartered bank administered interest rates - Prime rate","Percent","239","units","0","v80691311","1.4","2.70","","","","2"
"2017-06-21","Canada","2016A000011124","Chartered bank administered interest rates - Prime rate","Percent","239","units","0","v80691311","1.4","2.70","","","","2"
"2017-06-28","Canada","2016A000011124","Chartered bank administered interest rates - Prime rate","Percent","239","units","0","v80691311","1.4","2.70","","","","2"
"2017-07-05","Canada","2016A000011124","Chartered bank administered interest rates - Prime rate","Percent","239","units","0","v80691311","1.4","2.70","","","","2"
"2017-07-12","Canada","2016A000011124","Chartered bank administered interest rates - Prime rate","Percent","239","units","0","v80691311","1.4","2.70","","","","2"
"2017-07-19","Canada","2016A000011124","Chartered bank administered interest rates - Prime rate","Percent","239","units","0","v80691311","1.4","2.95","","","","2"
"2017-07-26","Canada","2016A000011124","Chartered bank administered interest rates - Prime rate","Percent","239","units","0","v80691311","1.4","2.95","","","","2"
"2017-08-02","Canada","2016A000011124","Chartered bank administered interest rates - Prime rate","Percent","239","units","0","v80691311","1.4","2.95","","","","2"
"2017-08-09","Canada","2016A000011124","Chartered bank administered interest rates - Prime rate","Percent","239","units","0","v80691311","1.4","2.95","","","","2"
"2017-08-16","Canada","2016A000011124","Chartered bank administered interest rates - Prime rate","Percent","239","units","0","v80691311","1.4","2.95","","","","2"
"2017-08-23","Canada","2016A000011124","Chartered bank administered interest rates - Prime rate","Percent","239","units","0","v80691311","1.4","2.95","","","","2"
"2017-08-30","Canada","2016A000011124","Chartered bank administered interest rates - Prime rate","Percent","239","units","0","v80691311","1.4","2.95","","","","2"
"2017-09-06","Canada","2016A000011124","Chartered bank administered interest rates - Prime rate","Percent","239","units","0","v80691311","1.4","2.95","","","","2"
"2017-09-13","Canada","2016A000011124","Chartered bank administered interest rates - Prime rate","Percent","239","units","0","v80691311","1.4","3.20","","","","2"
"2017-09-20","Canada","2016A000011124","Chartered bank administered interest rates - Prime rate","Percent","239","units","0","v80691311","1.4","3.20","","","","2"
"2017-09-27","Canada","2016A000011124","Chartered bank administered interest rates - Prime rate","Percent","239","units","0","v80691311","1.4","3.20","","","","2"
"2017-10-04","Canada","2016A000011124","Chartered bank administered interest rates - Prime rate","Percent","239","units","0","v80691311","1.4","3.20","","","","2"
"2017-10-11","Canada","2016A000011124","Chartered bank administered interest rates - Prime rate","Percent","239","units","0","v80691311","1.4","3.20","","","","2"
"2017-10-18","Canada","2016A000011124","Chartered bank administered interest rates - Prime rate","Percent","239","units","0","v80691311","1.4","3.20","","","","2"
"2017-10-25","Canada","2016A000011124","Chartered bank administered interest rates - Prime rate","Percent","239","units","0","v80691311","1.4","3.20","","","","2"
"2017-11-01","Canada","2016A000011124","Chartered bank administered interest rates - Prime rate","Percent","239","units","0","v80691311","1.4","3.20","","","","2"
"2017-11-08","Canada","2016A000011124","Chartered bank administered interest rates - Prime rate","Percent","239","units","0","v80691311","1.4","3.20","","","","2"
"2017-11-15","Canada","2016A000011124","Chartered bank administered interest rates - Prime rate","Percent","239","units","0","v80691311","1.4","3.20","","","","2"
"2017-11-22","Canada","2016A000011124","Chartered bank administered interest rates - Prime rate","Percent","239","units","0","v80691311","1.4","3.20","","","","2"
"2017-11-29","Canada","2016A000011124","Chartered bank administered interest rates - Prime rate","Percent","239","units","0","v80691311","1.4","3.20","","","","2"
"2017-12-06","Canada","2016A000011124","Chartered bank administered interest rates - Prime rate","Percent","239","units","0","v80691311","1.4","3.20","","","","2"
"2017-12-13","Canada","2016A000011124","Chartered bank administered interest rates - Prime rate","Percent","239","units","0","v80691311","1.4","3.20","","","","2"
"2017-12-20","Canada","2016A000011124","Chartered bank administered interest rates - Prime rate","Percent","239","units","0","v80691311","1.4","3.20","","","","2"
"2017-12-27","Canada","2016A000011124","Chartered bank administered interest rates - Prime rate","Percent","239","units","0","v80691311","1.4","3.20","","","","2"
"2018-01-03","Canada","2016A000011124","Chartered bank administered interest rates - Prime rate","Percent","239","units","0","v80691311","1.4","3.20","","","","2"
"2018-01-10","Canada","2016A000011124","Chartered bank administered interest rates - Prime rate","Percent","239","units","0","v80691311","1.4","3.20","","","","2"
"2018-01-17","Canada","2016A000011124","Chartered bank administered interest rates - Prime rate","Percent","239","units","0","v80691311","1.4","3.20","","","","2"
"2018-01-24","Canada","2016A000011124","Chartered bank administered interest rates - Prime rate","Percent","239","units","0","v80691311","1.4","3.45","","","","2"
"2018-01-31","Canada","2016A000011124","Chartered bank administered interest rates - Prime rate","Percent","239","units","0","v80691311","1.4","3.45","","","","2"
"2018-02-07","Canada","2016A000011124","Chartered bank administered interest rates - Prime rate","Percent","239","units","0","v80691311","1.4","3.45","","","","2"
"2018-02-14","Canada","2016A000011124","Chartered bank administered interest rates - Prime rate","Percent","239","units","0","v80691311","1.4","3.45","","","","2"
"2018-02-21","Canada","2016A000011124","Chartered bank administered interest rates - Prime rate","Percent","239","units","0","v80691311","1.4","3.45","","","","2"
"2018-02-28","Canada","2016A000011124","Chartered bank administered interest rates - Prime rate","Percent","239","units","0","v80691311","1.4","3.45","","","","2"
"2018-03-07","Canada","2016A000011124","Chartered bank administered interest rates - Prime rate","Percent","239","units","0","v80691311","1.4","3.45","","","","2"
"2018-03-14","Canada","2016A000011124","Chartered bank administered interest rates - Prime rate","Percent","239","units","0","v80691311","1.4","3.45","","","","2"
"2018-03-21","Canada","2016A000011124","Chartered bank administered interest rates - Prime rate","Percent","239","units","0","v80691311","1.4","3.45","","","","2"
"2018-03-28","Canada","2016A000011124","Chartered bank administered interest rates - Prime rate","Percent","239","units","0","v80691311","1.4","3.45","","","","2"
"2018-04-04","Canada","2016A000011124","Chartered bank administered interest rates - Prime rate","Percent","239","units","0","v80691311","1.4","3.45","","","","2"
"2018-04-11","Canada","2016A000011124","Chartered bank administered interest rates - Prime rate","Percent","239","units","0","v80691311","1.4","3.45","","","","2"
"2018-04-18","Canada","2016A000011124","Chartered bank administered interest rates - Prime rate","Percent","239","units","0","v80691311","1.4","3.45","","","","2"
"2018-04-25","Canada","2016A000011124","Chartered bank administered interest rates - Prime rate","Percent","239","units","0","v80691311","1.4","3.45","","","","2"
"2018-05-02","Canada","2016A000011124","Chartered bank administered interest rates - Prime rate","Percent","239","units","0","v80691311","1.4","3.45","","","","2"
"2018-05-09","Canada","2016A000011124","Chartered bank administered interest rates - Prime rate","Percent","239","units","0","v80691311","1.4","3.45","","","","2"
"2018-05-16","Canada","2016A000011124","Chartered bank administered interest rates - Prime rate","Percent","239","units","0","v80691311","1.4","3.45","","","","2"
"2018-05-23","Canada","2016A000011124","Chartered bank administered interest rates - Prime rate","Percent","239","units","0","v80691311","1.4","3.45","","","","2"
"2018-05-30","Canada","2016A000011124","Chartered bank administered interest rates - Prime rate","Percent","239","units","0","v80691311","1.4","3.45","","","","2"
"2018-06-06","Canada","2016A000011124","Chartered bank administered interest rates - Prime rate","Percent","239","units","0","v80691311","1.4","3.45","","","","2"
"2018-06-13","Canada","2016A000011124","Chartered bank administered interest rates - Prime rate","Percent","239","units","0","v80691311","1.4","3.45","","","","2"
"2018-06-20","Canada","2016A000011124","Chartered bank administered interest rates - Prime rate","Percent","239","units","0","v80691311","1.4","3.45","","","","2"
"2018-06-27","Canada","2016A000011124","Chartered bank administered interest rates - Prime rate","Percent","239","units","0","v80691311","1.4","3.45","","","","2"
"2018-07-04","Canada","2016A000011124","Chartered bank administered interest rates - Prime rate","Percent","239","units","0","v80691311","1.4","3.45","","","","2"
"2018-07-11","Canada","2016A000011124","Chartered bank administered interest rates - Prime rate","Percent","239","units","0","v80691311","1.4","3.70","","","","2"
"2018-07-18","Canada","2016A000011124","Chartered bank administered interest rates - Prime rate","Percent","239","units","0","v80691311","1.4","3.70","","","","2"
"2018-07-25","Canada","2016A000011124","Chartered bank administered interest rates - Prime rate","Percent","239","units","0","v80691311","1.4","3.70","","","","2"
"2018-08-01","Canada","2016A000011124","Chartered bank administered interest rates - Prime rate","Percent","239","units","0","v80691311","1.4","3.70","","","","2"
"2018-08-08","Canada","2016A000011124","Chartered bank administered interest rates - Prime rate","Percent","239","units","0","v80691311","1.4","3.70","","","","2"
"2018-08-15","Canada","2016A000011124","Chartered bank administered interest rates - Prime rate","Percent","239","units","0","v80691311","1.4","3.70","","","","2"
"2018-08-22","Canada","2016A000011124","Chartered bank administered interest rates - Prime rate","Percent","239","units","0","v80691311","1.4","3.70","","","","2"
"2018-08-29","Canada","2016A000011124","Chartered bank administered interest rates - Prime rate","Percent","239","units","0","v80691311","1.4","3.70","","","","2"
"2018-09-05","Canada","2016A000011124","Chartered bank administered interest rates - Prime rate","Percent","239","units","0","v80691311","1.4","3.70","","","","2"
"2018-09-12","Canada","2016A000011124","Chartered bank administered interest rates - Prime rate","Percent","239","units","0","v80691311","1.4","3.70","","","","2"
"2018-09-19","Canada","2016A000011124","Chartered bank administered interest rates - Prime rate","Percent","239","units","0","v80691311","1.4","3.70","","","","2"
"2018-09-26","Canada","2016A000011124","Chartered bank administered interest rates - Prime rate","Percent","239","units","0","v80691311","1.4","3.70","","","","2"
"2018-10-03","Canada","2016A000011124","Chartered bank administered interest rates - Prime rate","Percent","239","units","0","v80691311","1.4","3.70","","","","2"
"2018-10-10","Canada","2016A000011124","Chartered bank administered interest rates - Prime rate","Percent","239","units","0","v80691311","1.4","3.70","","","","2"
"2018-10-17","Canada","2016A000011124","Chartered bank administered interest rates - Prime rate","Percent","239","units","0","v80691311","1.4","3.70","","","","2"
"2018-10-24","Canada","2016A000011124","Chartered bank administered interest rates - Prime rate","Percent","239","units","0","v80691311","1.4","3.70","","","","2"
"2018-10-31","Canada","2016A000011124","Chartered bank administered interest rates - Prime rate","Percent","239","units","0","v80691311","1.4","3.95","","","","2"
"2018-11-07","Canada","2016A000011124","Chartered bank administered interest rates - Prime rate","Percent","239","units","0","v80691311","1.4","3.95","","","","2"
"2018-11-14","Canada","2016A000011124","Chartered bank administered interest rates - Prime rate","Percent","239","units","0","v80691311","1.4","3.95","","","","2"
"2018-11-21","Canada","2016A000011124","Chartered bank administered interest rates - Prime rate","Percent","239","units","0","v80691311","1.4","3.95","","","","2"
"2018-11-28","Canada","2016A000011124","Chartered bank administered interest rates - Prime rate","Percent","239","units","0","v80691311","1.4","3.95","","","","2"
"2018-12-05","Canada","2016A000011124","Chartered bank administered interest rates - Prime rate","Percent","239","units","0","v80691311","1.4","3.95","","","","2"
"2018-12-12","Canada","2016A000011124","Chartered bank administered interest rates - Prime rate","Percent","239","units","0","v80691311","1.4","3.95","","","","2"
"2018-12-19","Canada","2016A000011124","Chartered bank administered interest rates - Prime rate","Percent","239","units","0","v80691311","1.4","3.95","","","","2"
"2018-12-26","Canada","2016A000011124","Chartered bank administered interest rates - Prime rate","Percent","239","units","0","v80691311","1.4","3.95","","","","2"
"2019-01-02","Canada","2016A000011124","Chartered bank administered interest rates - Prime rate","Percent","239","units","0","v80691311","1.4","3.95","","","","2"
"2019-01-09","Canada","2016A000011124","Chartered bank administered interest rates - Prime rate","Percent","239","units","0","v80691311","1.4","3.95","","","","2"
"2019-01-16","Canada","2016A000011124","Chartered bank administered interest rates - Prime rate","Percent","239","units","0","v80691311","1.4","3.95","","","","2"
"2019-01-23","Canada","2016A000011124","Chartered bank administered interest rates - Prime rate","Percent","239","units","0","v80691311","1.4","3.95","","","","2"
"2019-01-30","Canada","2016A000011124","Chartered bank administered interest rates - Prime rate","Percent","239","units","0","v80691311","1.4","3.95","","","","2"
"2019-02-06","Canada","2016A000011124","Chartered bank administered interest rates - Prime rate","Percent","239","units","0","v80691311","1.4","3.95","","","","2"
"2019-02-13","Canada","2016A000011124","Chartered bank administered interest rates - Prime rate","Percent","239","units","0","v80691311","1.4","3.95","","","","2"
"2019-02-20","Canada","2016A000011124","Chartered bank administered interest rates - Prime rate","Percent","239","units","0","v80691311","1.4","3.95","","","","2"
"2019-02-27","Canada","2016A000011124","Chartered bank administered interest rates - Prime rate","Percent","239","units","0","v80691311","1.4","3.95","","","","2"
"2019-03-06","Canada","2016A000011124","Chartered bank administered interest rates - Prime rate","Percent","239","units","0","v80691311","1.4","3.95","","","","2"
"2019-03-13","Canada","2016A000011124","Chartered bank administered interest rates - Prime rate","Percent","239","units","0","v80691311","1.4","3.95","","","","2"
"2019-03-20","Canada","2016A000011124","Chartered bank administered interest rates - Prime rate","Percent","239","units","0","v80691311","1.4","3.95","","","","2"
"2019-03-27","Canada","2016A000011124","Chartered bank administered interest rates - Prime rate","Percent","239","units","0","v80691311","1.4","3.95","","","","2"
"2019-04-03","Canada","2016A000011124","Chartered bank administered interest rates - Prime rate","Percent","239","units","0","v80691311","1.4","3.95","","","","2"
"2019-04-10","Canada","2016A000011124","Chartered bank administered interest rates - Prime rate","Percent","239","units","0","v80691311","1.4","3.95","","","","2"
"2019-04-17","Canada","2016A000011124","Chartered bank administered interest rates - Prime rate","Percent","239","units","0","v80691311","1.4","3.95","","","","2"
"2019-04-24","Canada","2016A000011124","Chartered bank administered interest rates - Prime rate","Percent","239","units","0","v80691311","1.4","3.95","","","","2"
"2019-05-01","Canada","2016A000011124","Chartered bank administered interest rates - Prime rate","Percent","239","units","0","v80691311","1.4","3.95","","","","2"
"2019-05-08","Canada","2016A000011124","Chartered bank administered interest rates - Prime rate","Percent","239","units","0","v80691311","1.4","3.95","","","","2"
"2019-05-15","Canada","2016A000011124","Chartered bank administered interest rates - Prime rate","Percent","239","units","0","v80691311","1.4","3.95","","","","2"
"2019-05-22","Canada","2016A000011124","Chartered bank administered interest rates - Prime rate","Percent","239","units","0","v80691311","1.4","3.95","","","","2"
"2019-05-29","Canada","2016A000011124","Chartered bank administered interest rates - Prime rate","Percent","239","units","0","v80691311","1.4","3.95","","","","2"
"2019-06-05","Canada","2016A000011124","Chartered bank administered interest rates - Prime rate","Percent","239","units","0","v80691311","1.4","3.95","","","","2"
"2019-06-12","Canada","2016A000011124","Chartered bank administered interest rates - Prime rate","Percent","239","units","0","v80691311","1.4","3.95","","","","2"
"2019-06-19","Canada","2016A000011124","Chartered bank administered interest rates - Prime rate","Percent","239","units","0","v80691311","1.4","3.95","","","","2"
"2019-06-26","Canada","2016A000011124","Chartered bank administered interest rates - Prime rate","Percent","239","units","0","v80691311","1.4","3.95","","","","2"
"2019-07-03","Canada","2016A000011124","Chartered bank administered interest rates - Prime rate","Percent","239","units","0","v80691311","1.4","3.95","","","","2"
"2019-07-10","Canada","2016A000011124","Chartered bank administered interest rates - Prime rate","Percent","239","units","0","v80691311","1.4","3.95","","","","2"
"2019-07-17","Canada","2016A000011124","Chartered bank administered interest rates - Prime rate","Percent","239","units","0","v80691311","1.4","3.95","","","","2"
"2019-07-24","Canada","2016A000011124","Chartered bank administered interest rates - Prime rate","Percent","239","units","0","v80691311","1.4","3.95","","","","2"
"2019-07-31","Canada","2016A000011124","Chartered bank administered interest rates - Prime rate","Percent","239","units","0","v80691311","1.4","3.95","","","","2"
"2019-08-07","Canada","2016A000011124","Chartered bank administered interest rates - Prime rate","Percent","239","units","0","v80691311","1.4","3.95","","","","2"
"2019-08-14","Canada","2016A000011124","Chartered bank administered interest rates - Prime rate","Percent","239","units","0","v80691311","1.4","3.95","","","","2"
"2019-08-21","Canada","2016A000011124","Chartered bank administered interest rates - Prime rate","Percent","239","units","0","v80691311","1.4","3.95","","","","2"
"2019-08-28","Canada","2016A000011124","Chartered bank administered interest rates - Prime rate","Percent","239","units","0","v80691311","1.4","3.95","","","","2"
"2019-09-04","Canada","2016A000011124","Chartered bank administered interest rates - Prime rate","Percent","239","units","0","v80691311","1.4","3.95","","","","2"
"2019-09-11","Canada","2016A000011124","Chartered bank administered interest rates - Prime rate","Percent","239","units","0","v80691311","1.4","3.95","","","","2"
"2019-09-18","Canada","2016A000011124","Chartered bank administered interest rates - Prime rate","Percent","239","units","0","v80691311","1.4","3.95","","","","2"
"2019-09-25","Canada","2016A000011124","Chartered bank administered interest rates - Prime rate","Percent","239","units","0","v80691311","1.4","3.95","","","","2"
"2019-10-02","Canada","2016A000011124","Chartered bank administered interest rates - Prime rate","Percent","239","units","0","v80691311","1.4","3.95","","","","2"
"2019-10-09","Canada","2016A000011124","Chartered bank administered interest rates - Prime rate","Percent","239","units","0","v80691311","1.4","3.95","","","","2"
"2019-10-16","Canada","2016A000011124","Chartered bank administered interest rates - Prime rate","Percent","239","units","0","v80691311","1.4","3.95","","","","2"
"2019-10-23","Canada","2016A000011124","Chartered bank administered interest rates - Prime rate","Percent","239","units","0","v80691311","1.4","3.95","","","","2"
"2019-10-30","Canada","2016A000011124","Chartered bank administered interest rates - Prime rate","Percent","239","units","0","v80691311","1.4","3.95","","","","2"
"2019-11-06","Canada","2016A000011124","Chartered bank administered interest rates - Prime rate","Percent","239","units","0","v80691311","1.4","3.95","","","","2"
"2019-11-13","Canada","2016A000011124","Chartered bank administered interest rates - Prime rate","Percent","239","units","0","v80691311","1.4","3.95","","","","2"
"2019-11-20","Canada","2016A000011124","Chartered bank administered interest rates - Prime rate","Percent","239","units","0","v80691311","1.4","3.95","","","","2"
"2019-11-27","Canada","2016A000011124","Chartered bank administered interest rates - Prime rate","Percent","239","units","0","v80691311","1.4","3.95","","","","2"
"2019-12-04","Canada","2016A000011124","Chartered bank administered interest rates - Prime rate","Percent","239","units","0","v80691311","1.4","3.95","","","","2"
"2019-12-11","Canada","2016A000011124","Chartered bank administered interest rates - Prime rate","Percent","239","units","0","v80691311","1.4","3.95","","","","2"
"2019-12-18","Canada","2016A000011124","Chartered bank administered interest rates - Prime rate","Percent","239","units","0","v80691311","1.4","3.95","","","","2"
"2019-12-25","Canada","2016A000011124","Chartered bank administered interest rates - Prime rate","Percent","239","units","0","v80691311","1.4","3.95","","","","2"
"2020-01-01","Canada","2016A000011124","Chartered bank administered interest rates - Prime rate","Percent","239","units","0","v80691311","1.4","3.95","","","","2"
"2020-01-08","Canada","2016A000011124","Chartered bank administered interest rates - Prime rate","Percent","239","units","0","v80691311","1.4","3.95","","","","2"
"2020-01-15","Canada","2016A000011124","Chartered bank administered interest rates - Prime rate","Percent","239","units","0","v80691311","1.4","3.95","","","","2"
"2020-01-22","Canada","2016A000011124","Chartered bank administered interest rates - Prime rate","Percent","239","units","0","v80691311","1.4","3.95","","","","2"
"2020-01-29","Canada","2016A000011124","Chartered bank administered interest rates - Prime rate","Percent","239","units","0","v80691311","1.4","3.95","","","","2"
"2020-02-05","Canada","2016A000011124","Chartered bank administered interest rates - Prime rate","Percent","239","units","0","v80691311","1.4","3.95","","","","2"
"2020-02-12","Canada","2016A000011124","Chartered bank administered interest rates - Prime rate","Percent","239","units","0","v80691311","1.4","3.95","","","","2"
"2020-02-19","Canada","2016A000011124","Chartered bank administered interest rates - Prime rate","Percent","239","units","0","v80691311","1.4","3.95","","","","2"
"2020-02-26","Canada","2016A000011124","Chartered bank administered interest rates - Prime rate","Percent","239","units","0","v80691311","1.4","3.95","","","","2"
"2020-03-04","Canada","2016A000011124","Chartered bank administered interest rates - Prime rate","Percent","239","units","0","v80691311","1.4","3.95","","","","2"
"2020-03-11","Canada","2016A000011124","Chartered bank administered interest rates - Prime rate","Percent","239","units","0","v80691311","1.4","3.45","","","","2"
"2020-03-18","Canada","2016A000011124","Chartered bank administered interest rates - Prime rate","Percent","239","units","0","v80691311","1.4","2.95","","","","2"
"2020-03-25","Canada","2016A000011124","Chartered bank administered interest rates - Prime rate","Percent","239","units","0","v80691311","1.4","2.95","","","","2"
"2020-04-01","Canada","2016A000011124","Chartered bank administered interest rates - Prime rate","Percent","239","units","0","v80691311","1.4","2.45","","","","2"
"2020-04-08","Canada","2016A000011124","Chartered bank administered interest rates - Prime rate","Percent","239","units","0","v80691311","1.4","2.45","","","","2"
"2020-04-15","Canada","2016A000011124","Chartered bank administered interest rates - Prime rate","Percent","239","units","0","v80691311","1.4","2.45","","","","2"
"2020-04-22","Canada","2016A000011124","Chartered bank administered interest rates - Prime rate","Percent","239","units","0","v80691311","1.4","2.45","","","","2"
"2020-04-29","Canada","2016A000011124","Chartered bank administered interest rates - Prime rate","Percent","239","units","0","v80691311","1.4","2.45","","","","2"
"2020-05-06","Canada","2016A000011124","Chartered bank administered interest rates - Prime rate","Percent","239","units","0","v80691311","1.4","2.45","","","","2"
"2020-05-13","Canada","2016A000011124","Chartered bank administered interest rates - Prime rate","Percent","239","units","0","v80691311","1.4","2.45","","","","2"
"2020-05-20","Canada","2016A000011124","Chartered bank administered interest rates - Prime rate","Percent","239","units","0","v80691311","1.4","2.45","","","","2"
"2020-05-27","Canada","2016A000011124","Chartered bank administered interest rates - Prime rate","Percent","239","units","0","v80691311","1.4","2.45","","","","2"
"2020-06-03","Canada","2016A000011124","Chartered bank administered interest rates - Prime rate","Percent","239","units","0","v80691311","1.4","2.45","","","","2"
"2020-06-10","Canada","2016A000011124","Chartered bank administered interest rates - Prime rate","Percent","239","units","0","v80691311","1.4","2.45","","","","2"
"2020-06-17","Canada","2016A000011124","Chartered bank administered interest rates - Prime rate","Percent","239","units","0","v80691311","1.4","2.45","","","","2"
"2020-06-24","Canada","2016A000011124","Chartered bank administered interest rates - Prime rate","Percent","239","units","0","v80691311","1.4","2.45","","","","2"
"2020-07-01","Canada","2016A000011124","Chartered bank administered interest rates - Prime rate","Percent","239","units","0","v80691311","1.4","2.45","","","","2"
"2020-07-08","Canada","2016A000011124","Chartered bank administered interest rates - Prime rate","Percent","239","units","0","v80691311","1.4","2.45","","","","2"
"2020-07-15","Canada","2016A000011124","Chartered bank administered interest rates - Prime rate","Percent","239","units","0","v80691311","1.4","2.45","","","","2"
"2020-07-22","Canada","2016A000011124","Chartered bank administered interest rates - Prime rate","Percent","239","units","0","v80691311","1.4","2.45","","","","2"
"2020-07-29","Canada","2016A000011124","Chartered bank administered interest rates - Prime rate","Percent","239","units","0","v80691311","1.4","2.45","","","","2"
"2020-08-05","Canada","2016A000011124","Chartered bank administered interest rates - Prime rate","Percent","239","units","0","v80691311","1.4","2.45","","","","2"
"2020-08-12","Canada","2016A000011124","Chartered bank administered interest rates - Prime rate","Percent","239","units","0","v80691311","1.4","2.45","","","","2"
"2020-08-19","Canada","2016A000011124","Chartered bank administered interest rates - Prime rate","Percent","239","units","0","v80691311","1.4","2.45","","","","2"
"2020-08-26","Canada","2016A000011124","Chartered bank administered interest rates - Prime rate","Percent","239","units","0","v80691311","1.4","2.45","","","","2"
"2020-09-02","Canada","2016A000011124","Chartered bank administered interest rates - Prime rate","Percent","239","units","0","v80691311","1.4","2.45","","","","2"
"2020-09-09","Canada","2016A000011124","Chartered bank administered interest rates - Prime rate","Percent","239","units","0","v80691311","1.4","2.45","","","","2"
"2020-09-16","Canada","2016A000011124","Chartered bank administered interest rates - Prime rate","Percent","239","units","0","v80691311","1.4","2.45","","","","2"
"2020-09-23","Canada","2016A000011124","Chartered bank administered interest rates - Prime rate","Percent","239","units","0","v80691311","1.4","2.45","","","","2"
"2020-09-30","Canada","2016A000011124","Chartered bank administered interest rates - Prime rate","Percent","239","units","0","v80691311","1.4","2.45","","","","2"
"2020-10-07","Canada","2016A000011124","Chartered bank administered interest rates - Prime rate","Percent","239","units","0","v80691311","1.4","2.45","","","","2"
"2020-10-14","Canada","2016A000011124","Chartered bank administered interest rates - Prime rate","Percent","239","units","0","v80691311","1.4","2.45","","","","2"
"2020-10-21","Canada","2016A000011124","Chartered bank administered interest rates - Prime rate","Percent","239","units","0","v80691311","1.4","2.45","","","","2"
"2020-10-28","Canada","2016A000011124","Chartered bank administered interest rates - Prime rate","Percent","239","units","0","v80691311","1.4","2.45","","","","2"
"2006-01-04","Canada","2016A000011124","Chartered bank - conventional mortgage: 5 year","Percent","239","units","0","v80691335","1.35","6.30","","","","2"
"2006-01-11","Canada","2016A000011124","Chartered bank - conventional mortgage: 5 year","Percent","239","units","0","v80691335","1.35","6.30","","","","2"
"2006-01-18","Canada","2016A000011124","Chartered bank - conventional mortgage: 5 year","Percent","239","units","0","v80691335","1.35","6.30","","","","2"
"2006-01-25","Canada","2016A000011124","Chartered bank - conventional mortgage: 5 year","Percent","239","units","0","v80691335","1.35","6.30","","","","2"
"2006-02-01","Canada","2016A000011124","Chartered bank - conventional mortgage: 5 year","Percent","239","units","0","v80691335","1.35","6.30","","","","2"
"2006-02-08","Canada","2016A000011124","Chartered bank - conventional mortgage: 5 year","Percent","239","units","0","v80691335","1.35","6.45","","","","2"
"2006-02-15","Canada","2016A000011124","Chartered bank - conventional mortgage: 5 year","Percent","239","units","0","v80691335","1.35","6.45","","","","2"
"2006-02-22","Canada","2016A000011124","Chartered bank - conventional mortgage: 5 year","Percent","239","units","0","v80691335","1.35","6.45","","","","2"
"2006-03-01","Canada","2016A000011124","Chartered bank - conventional mortgage: 5 year","Percent","239","units","0","v80691335","1.35","6.45","","","","2"
"2006-03-08","Canada","2016A000011124","Chartered bank - conventional mortgage: 5 year","Percent","239","units","0","v80691335","1.35","6.45","","","","2"
"2006-03-15","Canada","2016A000011124","Chartered bank - conventional mortgage: 5 year","Percent","239","units","0","v80691335","1.35","6.45","","","","2"
"2006-03-22","Canada","2016A000011124","Chartered bank - conventional mortgage: 5 year","Percent","239","units","0","v80691335","1.35","6.45","","","","2"
"2006-03-29","Canada","2016A000011124","Chartered bank - conventional mortgage: 5 year","Percent","239","units","0","v80691335","1.35","6.45","","","","2"
"2006-04-05","Canada","2016A000011124","Chartered bank - conventional mortgage: 5 year","Percent","239","units","0","v80691335","1.35","6.45","","","","2"
"2006-04-12","Canada","2016A000011124","Chartered bank - conventional mortgage: 5 year","Percent","239","units","0","v80691335","1.35","6.60","","","","2"
"2006-04-19","Canada","2016A000011124","Chartered bank - conventional mortgage: 5 year","Percent","239","units","0","v80691335","1.35","6.60","","","","2"
"2006-04-26","Canada","2016A000011124","Chartered bank - conventional mortgage: 5 year","Percent","239","units","0","v80691335","1.35","6.75","","","","2"
"2006-05-03","Canada","2016A000011124","Chartered bank - conventional mortgage: 5 year","Percent","239","units","0","v80691335","1.35","6.75","","","","2"
"2006-05-10","Canada","2016A000011124","Chartered bank - conventional mortgage: 5 year","Percent","239","units","0","v80691335","1.35","6.75","","","","2"
"2006-05-17","Canada","2016A000011124","Chartered bank - conventional mortgage: 5 year","Percent","239","units","0","v80691335","1.35","6.75","","","","2"
"2006-05-24","Canada","2016A000011124","Chartered bank - conventional mortgage: 5 year","Percent","239","units","0","v80691335","1.35","6.75","","","","2"
"2006-05-31","Canada","2016A000011124","Chartered bank - conventional mortgage: 5 year","Percent","239","units","0","v80691335","1.35","6.75","","","","2"
"2006-06-07","Canada","2016A000011124","Chartered bank - conventional mortgage: 5 year","Percent","239","units","0","v80691335","1.35","6.75","","","","2"
"2006-06-14","Canada","2016A000011124","Chartered bank - conventional mortgage: 5 year","Percent","239","units","0","v80691335","1.35","6.75","","","","2"
"2006-06-21","Canada","2016A000011124","Chartered bank - conventional mortgage: 5 year","Percent","239","units","0","v80691335","1.35","6.75","","","","2"
"2006-06-28","Canada","2016A000011124","Chartered bank - conventional mortgage: 5 year","Percent","239","units","0","v80691335","1.35","6.95","","","","2"
"2006-07-05","Canada","2016A000011124","Chartered bank - conventional mortgage: 5 year","Percent","239","units","0","v80691335","1.35","6.95","","","","2"
"2006-07-12","Canada","2016A000011124","Chartered bank - conventional mortgage: 5 year","Percent","239","units","0","v80691335","1.35","6.95","","","","2"
"2006-07-19","Canada","2016A000011124","Chartered bank - conventional mortgage: 5 year","Percent","239","units","0","v80691335","1.35","6.95","","","","2"
"2006-07-26","Canada","2016A000011124","Chartered bank - conventional mortgage: 5 year","Percent","239","units","0","v80691335","1.35","6.95","","","","2"
"2006-08-02","Canada","2016A000011124","Chartered bank - conventional mortgage: 5 year","Percent","239","units","0","v80691335","1.35","6.95","","","","2"
"2006-08-09","Canada","2016A000011124","Chartered bank - conventional mortgage: 5 year","Percent","239","units","0","v80691335","1.35","6.95","","","","2"
"2006-08-16","Canada","2016A000011124","Chartered bank - conventional mortgage: 5 year","Percent","239","units","0","v80691335","1.35","6.95","","","","2"
"2006-08-23","Canada","2016A000011124","Chartered bank - conventional mortgage: 5 year","Percent","239","units","0","v80691335","1.35","6.85","","","","2"
"2006-08-30","Canada","2016A000011124","Chartered bank - conventional mortgage: 5 year","Percent","239","units","0","v80691335","1.35","6.85","","","","2"
"2006-09-06","Canada","2016A000011124","Chartered bank - conventional mortgage: 5 year","Percent","239","units","0","v80691335","1.35","6.75","","","","2"
"2006-09-13","Canada","2016A000011124","Chartered bank - conventional mortgage: 5 year","Percent","239","units","0","v80691335","1.35","6.75","","","","2"
"2006-09-20","Canada","2016A000011124","Chartered bank - conventional mortgage: 5 year","Percent","239","units","0","v80691335","1.35","6.75","","","","2"
"2006-09-27","Canada","2016A000011124","Chartered bank - conventional mortgage: 5 year","Percent","239","units","0","v80691335","1.35","6.70","","","","2"
"2006-10-04","Canada","2016A000011124","Chartered bank - conventional mortgage: 5 year","Percent","239","units","0","v80691335","1.35","6.60","","","","2"
"2006-10-11","Canada","2016A000011124","Chartered bank - conventional mortgage: 5 year","Percent","239","units","0","v80691335","1.35","6.60","","","","2"
"2006-10-18","Canada","2016A000011124","Chartered bank - conventional mortgage: 5 year","Percent","239","units","0","v80691335","1.35","6.60","","","","2"
"2006-10-25","Canada","2016A000011124","Chartered bank - conventional mortgage: 5 year","Percent","239","units","0","v80691335","1.35","6.80","","","","2"
"2006-11-01","Canada","2016A000011124","Chartered bank - conventional mortgage: 5 year","Percent","239","units","0","v80691335","1.35","6.60","","","","2"
"2006-11-08","Canada","2016A000011124","Chartered bank - conventional mortgage: 5 year","Percent","239","units","0","v80691335","1.35","6.60","","","","2"
"2006-11-15","Canada","2016A000011124","Chartered bank - conventional mortgage: 5 year","Percent","239","units","0","v80691335","1.35","6.60","","","","2"
"2006-11-22","Canada","2016A000011124","Chartered bank - conventional mortgage: 5 year","Percent","239","units","0","v80691335","1.35","6.55","","","","2"
"2006-11-29","Canada","2016A000011124","Chartered bank - conventional mortgage: 5 year","Percent","239","units","0","v80691335","1.35","6.55","","","","2"
"2006-12-06","Canada","2016A000011124","Chartered bank - conventional mortgage: 5 year","Percent","239","units","0","v80691335","1.35","6.50","","","","2"
"2006-12-13","Canada","2016A000011124","Chartered bank - conventional mortgage: 5 year","Percent","239","units","0","v80691335","1.35","6.45","","","","2"
"2006-12-20","Canada","2016A000011124","Chartered bank - conventional mortgage: 5 year","Percent","239","units","0","v80691335","1.35","6.45","","","","2"
"2006-12-27","Canada","2016A000011124","Chartered bank - conventional mortgage: 5 year","Percent","239","units","0","v80691335","1.35","6.45","","","","2"
"2007-01-03","Canada","2016A000011124","Chartered bank - conventional mortgage: 5 year","Percent","239","units","0","v80691335","1.35","6.45","","","","2"
"2007-01-10","Canada","2016A000011124","Chartered bank - conventional mortgage: 5 year","Percent","239","units","0","v80691335","1.35","6.45","","","","2"
"2007-01-17","Canada","2016A000011124","Chartered bank - conventional mortgage: 5 year","Percent","239","units","0","v80691335","1.35","6.65","","","","2"
"2007-01-24","Canada","2016A000011124","Chartered bank - conventional mortgage: 5 year","Percent","239","units","0","v80691335","1.35","6.65","","","","2"
"2007-01-31","Canada","2016A000011124","Chartered bank - conventional mortgage: 5 year","Percent","239","units","0","v80691335","1.35","6.65","","","","2"
"2007-02-07","Canada","2016A000011124","Chartered bank - conventional mortgage: 5 year","Percent","239","units","0","v80691335","1.35","6.65","","","","2"
"2007-02-14","Canada","2016A000011124","Chartered bank - conventional mortgage: 5 year","Percent","239","units","0","v80691335","1.35","6.65","","","","2"
"2007-02-21","Canada","2016A000011124","Chartered bank - conventional mortgage: 5 year","Percent","239","units","0","v80691335","1.35","6.65","","","","2"
"2007-02-28","Canada","2016A000011124","Chartered bank - conventional mortgage: 5 year","Percent","239","units","0","v80691335","1.35","6.65","","","","2"
"2007-03-07","Canada","2016A000011124","Chartered bank - conventional mortgage: 5 year","Percent","239","units","0","v80691335","1.35","6.49","","","","2"
"2007-03-14","Canada","2016A000011124","Chartered bank - conventional mortgage: 5 year","Percent","239","units","0","v80691335","1.35","6.49","","","","2"
"2007-03-21","Canada","2016A000011124","Chartered bank - conventional mortgage: 5 year","Percent","239","units","0","v80691335","1.35","6.49","","","","2"
"2007-03-28","Canada","2016A000011124","Chartered bank - conventional mortgage: 5 year","Percent","239","units","0","v80691335","1.35","6.49","","","","2"
"2007-04-04","Canada","2016A000011124","Chartered bank - conventional mortgage: 5 year","Percent","239","units","0","v80691335","1.35","6.44","","","","2"
"2007-04-11","Canada","2016A000011124","Chartered bank - conventional mortgage: 5 year","Percent","239","units","0","v80691335","1.35","6.64","","","","2"
"2007-04-18","Canada","2016A000011124","Chartered bank - conventional mortgage: 5 year","Percent","239","units","0","v80691335","1.35","6.64","","","","2"
"2007-04-25","Canada","2016A000011124","Chartered bank - conventional mortgage: 5 year","Percent","239","units","0","v80691335","1.35","6.64","","","","2"
"2007-05-02","Canada","2016A000011124","Chartered bank - conventional mortgage: 5 year","Percent","239","units","0","v80691335","1.35","6.64","","","","2"
"2007-05-09","Canada","2016A000011124","Chartered bank - conventional mortgage: 5 year","Percent","239","units","0","v80691335","1.35","6.64","","","","2"
"2007-05-16","Canada","2016A000011124","Chartered bank - conventional mortgage: 5 year","Percent","239","units","0","v80691335","1.35","6.64","","","","2"
"2007-05-23","Canada","2016A000011124","Chartered bank - conventional mortgage: 5 year","Percent","239","units","0","v80691335","1.35","6.84","","","","2"
"2007-05-30","Canada","2016A000011124","Chartered bank - conventional mortgage: 5 year","Percent","239","units","0","v80691335","1.35","7.14","","","","2"
"2007-06-06","Canada","2016A000011124","Chartered bank - conventional mortgage: 5 year","Percent","239","units","0","v80691335","1.35","7.14","","","","2"
"2007-06-13","Canada","2016A000011124","Chartered bank - conventional mortgage: 5 year","Percent","239","units","0","v80691335","1.35","7.29","","","","2"
"2007-06-20","Canada","2016A000011124","Chartered bank - conventional mortgage: 5 year","Percent","239","units","0","v80691335","1.35","7.24","","","","2"
"2007-06-27","Canada","2016A000011124","Chartered bank - conventional mortgage: 5 year","Percent","239","units","0","v80691335","1.35","7.24","","","","2"
"2007-07-04","Canada","2016A000011124","Chartered bank - conventional mortgage: 5 year","Percent","239","units","0","v80691335","1.35","7.24","","","","2"
"2007-07-11","Canada","2016A000011124","Chartered bank - conventional mortgage: 5 year","Percent","239","units","0","v80691335","1.35","7.24","","","","2"
"2007-07-18","Canada","2016A000011124","Chartered bank - conventional mortgage: 5 year","Percent","239","units","0","v80691335","1.35","7.24","","","","2"
"2007-07-25","Canada","2016A000011124","Chartered bank - conventional mortgage: 5 year","Percent","239","units","0","v80691335","1.35","7.24","","","","2"
"2007-08-01","Canada","2016A000011124","Chartered bank - conventional mortgage: 5 year","Percent","239","units","0","v80691335","1.35","7.24","","","","2"
"2007-08-08","Canada","2016A000011124","Chartered bank - conventional mortgage: 5 year","Percent","239","units","0","v80691335","1.35","7.24","","","","2"
"2007-08-15","Canada","2016A000011124","Chartered bank - conventional mortgage: 5 year","Percent","239","units","0","v80691335","1.35","7.24","","","","2"
"2007-08-22","Canada","2016A000011124","Chartered bank - conventional mortgage: 5 year","Percent","239","units","0","v80691335","1.35","7.24","","","","2"
"2007-08-29","Canada","2016A000011124","Chartered bank - conventional mortgage: 5 year","Percent","239","units","0","v80691335","1.35","7.24","","","","2"
"2007-09-05","Canada","2016A000011124","Chartered bank - conventional mortgage: 5 year","Percent","239","units","0","v80691335","1.35","7.24","","","","2"
"2007-09-12","Canada","2016A000011124","Chartered bank - conventional mortgage: 5 year","Percent","239","units","0","v80691335","1.35","7.24","","","","2"
"2007-09-19","Canada","2016A000011124","Chartered bank - conventional mortgage: 5 year","Percent","239","units","0","v80691335","1.35","7.19","","","","2"
"2007-09-26","Canada","2016A000011124","Chartered bank - conventional mortgage: 5 year","Percent","239","units","0","v80691335","1.35","7.19","","","","2"
"2007-10-03","Canada","2016A000011124","Chartered bank - conventional mortgage: 5 year","Percent","239","units","0","v80691335","1.35","7.19","","","","2"
"2007-10-10","Canada","2016A000011124","Chartered bank - conventional mortgage: 5 year","Percent","239","units","0","v80691335","1.35","7.19","","","","2"
"2007-10-17","Canada","2016A000011124","Chartered bank - conventional mortgage: 5 year","Percent","239","units","0","v80691335","1.35","7.44","","","","2"
"2007-10-24","Canada","2016A000011124","Chartered bank - conventional mortgage: 5 year","Percent","239","units","0","v80691335","1.35","7.44","","","","2"
"2007-10-31","Canada","2016A000011124","Chartered bank - conventional mortgage: 5 year","Percent","239","units","0","v80691335","1.35","7.44","","","","2"
"2007-11-07","Canada","2016A000011124","Chartered bank - conventional mortgage: 5 year","Percent","239","units","0","v80691335","1.35","7.44","","","","2"
"2007-11-14","Canada","2016A000011124","Chartered bank - conventional mortgage: 5 year","Percent","239","units","0","v80691335","1.35","7.39","","","","2"
"2007-11-21","Canada","2016A000011124","Chartered bank - conventional mortgage: 5 year","Percent","239","units","0","v80691335","1.35","7.39","","","","2"
"2007-11-28","Canada","2016A000011124","Chartered bank - conventional mortgage: 5 year","Percent","239","units","0","v80691335","1.35","7.39","","","","2"
"2007-12-05","Canada","2016A000011124","Chartered bank - conventional mortgage: 5 year","Percent","239","units","0","v80691335","1.35","7.39","","","","2"
"2007-12-12","Canada","2016A000011124","Chartered bank - conventional mortgage: 5 year","Percent","239","units","0","v80691335","1.35","7.39","","","","2"
"2007-12-19","Canada","2016A000011124","Chartered bank - conventional mortgage: 5 year","Percent","239","units","0","v80691335","1.35","7.39","","","","2"
"2007-12-26","Canada","2016A000011124","Chartered bank - conventional mortgage: 5 year","Percent","239","units","0","v80691335","1.35","7.54","","","","2"
"2008-01-02","Canada","2016A000011124","Chartered bank - conventional mortgage: 5 year","Percent","239","units","0","v80691335","1.35","7.54","","","","2"
"2008-01-09","Canada","2016A000011124","Chartered bank - conventional mortgage: 5 year","Percent","239","units","0","v80691335","1.35","7.54","","","","2"
"2008-01-16","Canada","2016A000011124","Chartered bank - conventional mortgage: 5 year","Percent","239","units","0","v80691335","1.35","7.49","","","","2"
"2008-01-23","Canada","2016A000011124","Chartered bank - conventional mortgage: 5 year","Percent","239","units","0","v80691335","1.35","7.49","","","","2"
"2008-01-30","Canada","2016A000011124","Chartered bank - conventional mortgage: 5 year","Percent","239","units","0","v80691335","1.35","7.39","","","","2"
"2008-02-06","Canada","2016A000011124","Chartered bank - conventional mortgage: 5 year","Percent","239","units","0","v80691335","1.35","7.39","","","","2"
"2008-02-13","Canada","2016A000011124","Chartered bank - conventional mortgage: 5 year","Percent","239","units","0","v80691335","1.35","7.39","","","","2"
"2008-02-20","Canada","2016A000011124","Chartered bank - conventional mortgage: 5 year","Percent","239","units","0","v80691335","1.35","7.29","","","","2"
"2008-02-27","Canada","2016A000011124","Chartered bank - conventional mortgage: 5 year","Percent","239","units","0","v80691335","1.35","7.29","","","","2"
"2008-03-05","Canada","2016A000011124","Chartered bank - conventional mortgage: 5 year","Percent","239","units","0","v80691335","1.35","7.29","","","","2"
"2008-03-12","Canada","2016A000011124","Chartered bank - conventional mortgage: 5 year","Percent","239","units","0","v80691335","1.35","7.29","","","","2"
"2008-03-19","Canada","2016A000011124","Chartered bank - conventional mortgage: 5 year","Percent","239","units","0","v80691335","1.35","7.29","","","","2"
"2008-03-26","Canada","2016A000011124","Chartered bank - conventional mortgage: 5 year","Percent","239","units","0","v80691335","1.35","7.19","","","","2"
"2008-04-02","Canada","2016A000011124","Chartered bank - conventional mortgage: 5 year","Percent","239","units","0","v80691335","1.35","7.19","","","","2"
"2008-04-09","Canada","2016A000011124","Chartered bank - conventional mortgage: 5 year","Percent","239","units","0","v80691335","1.35","7.19","","","","2"
"2008-04-16","Canada","2016A000011124","Chartered bank - conventional mortgage: 5 year","Percent","239","units","0","v80691335","1.35","6.99","","","","2"
"2008-04-23","Canada","2016A000011124","Chartered bank - conventional mortgage: 5 year","Percent","239","units","0","v80691335","1.35","6.99","","","","2"
"2008-04-30","Canada","2016A000011124","Chartered bank - conventional mortgage: 5 year","Percent","239","units","0","v80691335","1.35","6.99","","","","2"
"2008-05-07","Canada","2016A000011124","Chartered bank - conventional mortgage: 5 year","Percent","239","units","0","v80691335","1.35","6.99","","","","2"
"2008-05-14","Canada","2016A000011124","Chartered bank - conventional mortgage: 5 year","Percent","239","units","0","v80691335","1.35","6.99","","","","2"
"2008-05-21","Canada","2016A000011124","Chartered bank - conventional mortgage: 5 year","Percent","239","units","0","v80691335","1.35","6.99","","","","2"
"2008-05-28","Canada","2016A000011124","Chartered bank - conventional mortgage: 5 year","Percent","239","units","0","v80691335","1.35","6.65","","","","2"
"2008-06-04","Canada","2016A000011124","Chartered bank - conventional mortgage: 5 year","Percent","239","units","0","v80691335","1.35","6.65","","","","2"
"2008-06-11","Canada","2016A000011124","Chartered bank - conventional mortgage: 5 year","Percent","239","units","0","v80691335","1.35","6.65","","","","2"
"2008-06-18","Canada","2016A000011124","Chartered bank - conventional mortgage: 5 year","Percent","239","units","0","v80691335","1.35","7.15","","","","2"
"2008-06-25","Canada","2016A000011124","Chartered bank - conventional mortgage: 5 year","Percent","239","units","0","v80691335","1.35","7.15","","","","2"
"2008-07-02","Canada","2016A000011124","Chartered bank - conventional mortgage: 5 year","Percent","239","units","0","v80691335","1.35","7.15","","","","2"
"2008-07-09","Canada","2016A000011124","Chartered bank - conventional mortgage: 5 year","Percent","239","units","0","v80691335","1.35","7.15","","","","2"
"2008-07-16","Canada","2016A000011124","Chartered bank - conventional mortgage: 5 year","Percent","239","units","0","v80691335","1.35","7.15","","","","2"
"2008-07-23","Canada","2016A000011124","Chartered bank - conventional mortgage: 5 year","Percent","239","units","0","v80691335","1.35","7.15","","","","2"
"2008-07-30","Canada","2016A000011124","Chartered bank - conventional mortgage: 5 year","Percent","239","units","0","v80691335","1.35","7.15","","","","2"
"2008-08-06","Canada","2016A000011124","Chartered bank - conventional mortgage: 5 year","Percent","239","units","0","v80691335","1.35","7.15","","","","2"
"2008-08-13","Canada","2016A000011124","Chartered bank - conventional mortgage: 5 year","Percent","239","units","0","v80691335","1.35","6.85","","","","2"
"2008-08-20","Canada","2016A000011124","Chartered bank - conventional mortgage: 5 year","Percent","239","units","0","v80691335","1.35","6.85","","","","2"
"2008-08-27","Canada","2016A000011124","Chartered bank - conventional mortgage: 5 year","Percent","239","units","0","v80691335","1.35","6.85","","","","2"
"2008-09-03","Canada","2016A000011124","Chartered bank - conventional mortgage: 5 year","Percent","239","units","0","v80691335","1.35","6.85","","","","2"
"2008-09-10","Canada","2016A000011124","Chartered bank - conventional mortgage: 5 year","Percent","239","units","0","v80691335","1.35","6.85","","","","2"
"2008-09-17","Canada","2016A000011124","Chartered bank - conventional mortgage: 5 year","Percent","239","units","0","v80691335","1.35","6.85","","","","2"
"2008-09-24","Canada","2016A000011124","Chartered bank - conventional mortgage: 5 year","Percent","239","units","0","v80691335","1.35","6.85","","","","2"
"2008-10-01","Canada","2016A000011124","Chartered bank - conventional mortgage: 5 year","Percent","239","units","0","v80691335","1.35","7.20","","","","2"
"2008-10-08","Canada","2016A000011124","Chartered bank - conventional mortgage: 5 year","Percent","239","units","0","v80691335","1.35","7.20","","","","2"
"2008-10-15","Canada","2016A000011124","Chartered bank - conventional mortgage: 5 year","Percent","239","units","0","v80691335","1.35","7.20","","","","2"
"2008-10-22","Canada","2016A000011124","Chartered bank - conventional mortgage: 5 year","Percent","239","units","0","v80691335","1.35","7.20","","","","2"
"2008-10-29","Canada","2016A000011124","Chartered bank - conventional mortgage: 5 year","Percent","239","units","0","v80691335","1.35","7.20","","","","2"
"2008-11-05","Canada","2016A000011124","Chartered bank - conventional mortgage: 5 year","Percent","239","units","0","v80691335","1.35","7.20","","","","2"
"2008-11-12","Canada","2016A000011124","Chartered bank - conventional mortgage: 5 year","Percent","239","units","0","v80691335","1.35","7.20","","","","2"
"2008-11-19","Canada","2016A000011124","Chartered bank - conventional mortgage: 5 year","Percent","239","units","0","v80691335","1.35","7.20","","","","2"
"2008-11-26","Canada","2016A000011124","Chartered bank - conventional mortgage: 5 year","Percent","239","units","0","v80691335","1.35","7.20","","","","2"
"2008-12-03","Canada","2016A000011124","Chartered bank - conventional mortgage: 5 year","Percent","239","units","0","v80691335","1.35","6.95","","","","2"
"2008-12-10","Canada","2016A000011124","Chartered bank - conventional mortgage: 5 year","Percent","239","units","0","v80691335","1.35","6.95","","","","2"
"2008-12-17","Canada","2016A000011124","Chartered bank - conventional mortgage: 5 year","Percent","239","units","0","v80691335","1.35","6.75","","","","2"
"2008-12-24","Canada","2016A000011124","Chartered bank - conventional mortgage: 5 year","Percent","239","units","0","v80691335","1.35","6.75","","","","2"
"2008-12-31","Canada","2016A000011124","Chartered bank - conventional mortgage: 5 year","Percent","239","units","0","v80691335","1.35","6.75","","","","2"
"2009-01-07","Canada","2016A000011124","Chartered bank - conventional mortgage: 5 year","Percent","239","units","0","v80691335","1.35","6.75","","","","2"
"2009-01-14","Canada","2016A000011124","Chartered bank - conventional mortgage: 5 year","Percent","239","units","0","v80691335","1.35","6.75","","","","2"
"2009-01-21","Canada","2016A000011124","Chartered bank - conventional mortgage: 5 year","Percent","239","units","0","v80691335","1.35","5.79","","","","2"
"2009-01-28","Canada","2016A000011124","Chartered bank - conventional mortgage: 5 year","Percent","239","units","0","v80691335","1.35","5.79","","","","2"
"2009-02-04","Canada","2016A000011124","Chartered bank - conventional mortgage: 5 year","Percent","239","units","0","v80691335","1.35","5.79","","","","2"
"2009-02-11","Canada","2016A000011124","Chartered bank - conventional mortgage: 5 year","Percent","239","units","0","v80691335","1.35","5.79","","","","2"
"2009-02-18","Canada","2016A000011124","Chartered bank - conventional mortgage: 5 year","Percent","239","units","0","v80691335","1.35","5.79","","","","2"
"2009-02-25","Canada","2016A000011124","Chartered bank - conventional mortgage: 5 year","Percent","239","units","0","v80691335","1.35","5.79","","","","2"
"2009-03-04","Canada","2016A000011124","Chartered bank - conventional mortgage: 5 year","Percent","239","units","0","v80691335","1.35","5.79","","","","2"
"2009-03-11","Canada","2016A000011124","Chartered bank - conventional mortgage: 5 year","Percent","239","units","0","v80691335","1.35","5.79","","","","2"
"2009-03-18","Canada","2016A000011124","Chartered bank - conventional mortgage: 5 year","Percent","239","units","0","v80691335","1.35","5.79","","","","2"
"2009-03-25","Canada","2016A000011124","Chartered bank - conventional mortgage: 5 year","Percent","239","units","0","v80691335","1.35","5.55","","","","2"
"2009-04-01","Canada","2016A000011124","Chartered bank - conventional mortgage: 5 year","Percent","239","units","0","v80691335","1.35","5.55","","","","2"
"2009-04-08","Canada","2016A000011124","Chartered bank - conventional mortgage: 5 year","Percent","239","units","0","v80691335","1.35","5.45","","","","2"
"2009-04-15","Canada","2016A000011124","Chartered bank - conventional mortgage: 5 year","Percent","239","units","0","v80691335","1.35","5.45","","","","2"
"2009-04-22","Canada","2016A000011124","Chartered bank - conventional mortgage: 5 year","Percent","239","units","0","v80691335","1.35","5.45","","","","2"
"2009-04-29","Canada","2016A000011124","Chartered bank - conventional mortgage: 5 year","Percent","239","units","0","v80691335","1.35","5.25","","","","2"
"2009-05-06","Canada","2016A000011124","Chartered bank - conventional mortgage: 5 year","Percent","239","units","0","v80691335","1.35","5.25","","","","2"
"2009-05-13","Canada","2016A000011124","Chartered bank - conventional mortgage: 5 year","Percent","239","units","0","v80691335","1.35","5.25","","","","2"
"2009-05-20","Canada","2016A000011124","Chartered bank - conventional mortgage: 5 year","Percent","239","units","0","v80691335","1.35","5.25","","","","2"
"2009-05-27","Canada","2016A000011124","Chartered bank - conventional mortgage: 5 year","Percent","239","units","0","v80691335","1.35","5.25","","","","2"
"2009-06-03","Canada","2016A000011124","Chartered bank - conventional mortgage: 5 year","Percent","239","units","0","v80691335","1.35","5.45","","","","2"
"2009-06-10","Canada","2016A000011124","Chartered bank - conventional mortgage: 5 year","Percent","239","units","0","v80691335","1.35","5.45","","","","2"
"2009-06-17","Canada","2016A000011124","Chartered bank - conventional mortgage: 5 year","Percent","239","units","0","v80691335","1.35","5.85","","","","2"
"2009-06-24","Canada","2016A000011124","Chartered bank - conventional mortgage: 5 year","Percent","239","units","0","v80691335","1.35","5.85","","","","2"
"2009-07-01","Canada","2016A000011124","Chartered bank - conventional mortgage: 5 year","Percent","239","units","0","v80691335","1.35","5.85","","","","2"
"2009-07-08","Canada","2016A000011124","Chartered bank - conventional mortgage: 5 year","Percent","239","units","0","v80691335","1.35","5.85","","","","2"
"2009-07-15","Canada","2016A000011124","Chartered bank - conventional mortgage: 5 year","Percent","239","units","0","v80691335","1.35","5.85","","","","2"
"2009-07-22","Canada","2016A000011124","Chartered bank - conventional mortgage: 5 year","Percent","239","units","0","v80691335","1.35","5.85","","","","2"
"2009-07-29","Canada","2016A000011124","Chartered bank - conventional mortgage: 5 year","Percent","239","units","0","v80691335","1.35","5.85","","","","2"
"2009-08-05","Canada","2016A000011124","Chartered bank - conventional mortgage: 5 year","Percent","239","units","0","v80691335","1.35","5.85","","","","2"
"2009-08-12","Canada","2016A000011124","Chartered bank - conventional mortgage: 5 year","Percent","239","units","0","v80691335","1.35","5.85","","","","2"
"2009-08-19","Canada","2016A000011124","Chartered bank - conventional mortgage: 5 year","Percent","239","units","0","v80691335","1.35","5.85","","","","2"
"2009-08-26","Canada","2016A000011124","Chartered bank - conventional mortgage: 5 year","Percent","239","units","0","v80691335","1.35","5.85","","","","2"
"2009-09-02","Canada","2016A000011124","Chartered bank - conventional mortgage: 5 year","Percent","239","units","0","v80691335","1.35","5.85","","","","2"
"2009-09-09","Canada","2016A000011124","Chartered bank - conventional mortgage: 5 year","Percent","239","units","0","v80691335","1.35","5.49","","","","2"
"2009-09-16","Canada","2016A000011124","Chartered bank - conventional mortgage: 5 year","Percent","239","units","0","v80691335","1.35","5.49","","","","2"
"2009-09-23","Canada","2016A000011124","Chartered bank - conventional mortgage: 5 year","Percent","239","units","0","v80691335","1.35","5.49","","","","2"
"2009-09-30","Canada","2016A000011124","Chartered bank - conventional mortgage: 5 year","Percent","239","units","0","v80691335","1.35","5.49","","","","2"
"2009-10-07","Canada","2016A000011124","Chartered bank - conventional mortgage: 5 year","Percent","239","units","0","v80691335","1.35","5.49","","","","2"
"2009-10-14","Canada","2016A000011124","Chartered bank - conventional mortgage: 5 year","Percent","239","units","0","v80691335","1.35","5.84","","","","2"
"2009-10-21","Canada","2016A000011124","Chartered bank - conventional mortgage: 5 year","Percent","239","units","0","v80691335","1.35","5.84","","","","2"
"2009-10-28","Canada","2016A000011124","Chartered bank - conventional mortgage: 5 year","Percent","239","units","0","v80691335","1.35","5.84","","","","2"
"2009-11-04","Canada","2016A000011124","Chartered bank - conventional mortgage: 5 year","Percent","239","units","0","v80691335","1.35","5.84","","","","2"
"2009-11-11","Canada","2016A000011124","Chartered bank - conventional mortgage: 5 year","Percent","239","units","0","v80691335","1.35","5.84","","","","2"
"2009-11-18","Canada","2016A000011124","Chartered bank - conventional mortgage: 5 year","Percent","239","units","0","v80691335","1.35","5.84","","","","2"
"2009-11-25","Canada","2016A000011124","Chartered bank - conventional mortgage: 5 year","Percent","239","units","0","v80691335","1.35","5.59","","","","2"
"2009-12-02","Canada","2016A000011124","Chartered bank - conventional mortgage: 5 year","Percent","239","units","0","v80691335","1.35","5.59","","","","2"
"2009-12-09","Canada","2016A000011124","Chartered bank - conventional mortgage: 5 year","Percent","239","units","0","v80691335","1.35","5.59","","","","2"
"2009-12-16","Canada","2016A000011124","Chartered bank - conventional mortgage: 5 year","Percent","239","units","0","v80691335","1.35","5.49","","","","2"
"2009-12-23","Canada","2016A000011124","Chartered bank - conventional mortgage: 5 year","Percent","239","units","0","v80691335","1.35","5.49","","","","2"
"2009-12-30","Canada","2016A000011124","Chartered bank - conventional mortgage: 5 year","Percent","239","units","0","v80691335","1.35","5.49","","","","2"
"2010-01-06","Canada","2016A000011124","Chartered bank - conventional mortgage: 5 year","Percent","239","units","0","v80691335","1.35","5.49","","","","2"
"2010-01-13","Canada","2016A000011124","Chartered bank - conventional mortgage: 5 year","Percent","239","units","0","v80691335","1.35","5.49","","","","2"
"2010-01-20","Canada","2016A000011124","Chartered bank - conventional mortgage: 5 year","Percent","239","units","0","v80691335","1.35","5.49","","","","2"
"2010-01-27","Canada","2016A000011124","Chartered bank - conventional mortgage: 5 year","Percent","239","units","0","v80691335","1.35","5.49","","","","2"
"2010-02-03","Canada","2016A000011124","Chartered bank - conventional mortgage: 5 year","Percent","239","units","0","v80691335","1.35","5.39","","","","2"
"2010-02-10","Canada","2016A000011124","Chartered bank - conventional mortgage: 5 year","Percent","239","units","0","v80691335","1.35","5.39","","","","2"
"2010-02-17","Canada","2016A000011124","Chartered bank - conventional mortgage: 5 year","Percent","239","units","0","v80691335","1.35","5.39","","","","2"
"2010-02-24","Canada","2016A000011124","Chartered bank - conventional mortgage: 5 year","Percent","239","units","0","v80691335","1.35","5.39","","","","2"
"2010-03-03","Canada","2016A000011124","Chartered bank - conventional mortgage: 5 year","Percent","239","units","0","v80691335","1.35","5.39","","","","2"
"2010-03-10","Canada","2016A000011124","Chartered bank - conventional mortgage: 5 year","Percent","239","units","0","v80691335","1.35","5.39","","","","2"
"2010-03-17","Canada","2016A000011124","Chartered bank - conventional mortgage: 5 year","Percent","239","units","0","v80691335","1.35","5.25","","","","2"
"2010-03-24","Canada","2016A000011124","Chartered bank - conventional mortgage: 5 year","Percent","239","units","0","v80691335","1.35","5.25","","","","2"
"2010-03-31","Canada","2016A000011124","Chartered bank - conventional mortgage: 5 year","Percent","239","units","0","v80691335","1.35","5.85","","","","2"
"2010-04-07","Canada","2016A000011124","Chartered bank - conventional mortgage: 5 year","Percent","239","units","0","v80691335","1.35","5.85","","","","2"
"2010-04-14","Canada","2016A000011124","Chartered bank - conventional mortgage: 5 year","Percent","239","units","0","v80691335","1.35","5.85","","","","2"
"2010-04-21","Canada","2016A000011124","Chartered bank - conventional mortgage: 5 year","Percent","239","units","0","v80691335","1.35","6.10","","","","2"
"2010-04-28","Canada","2016A000011124","Chartered bank - conventional mortgage: 5 year","Percent","239","units","0","v80691335","1.35","6.25","","","","2"
"2010-05-05","Canada","2016A000011124","Chartered bank - conventional mortgage: 5 year","Percent","239","units","0","v80691335","1.35","6.25","","","","2"
"2010-05-12","Canada","2016A000011124","Chartered bank - conventional mortgage: 5 year","Percent","239","units","0","v80691335","1.35","6.10","","","","2"
"2010-05-19","Canada","2016A000011124","Chartered bank - conventional mortgage: 5 year","Percent","239","units","0","v80691335","1.35","6.10","","","","2"
"2010-05-26","Canada","2016A000011124","Chartered bank - conventional mortgage: 5 year","Percent","239","units","0","v80691335","1.35","5.99","","","","2"
"2010-06-02","Canada","2016A000011124","Chartered bank - conventional mortgage: 5 year","Percent","239","units","0","v80691335","1.35","5.99","","","","2"
"2010-06-09","Canada","2016A000011124","Chartered bank - conventional mortgage: 5 year","Percent","239","units","0","v80691335","1.35","5.99","","","","2"
"2010-06-16","Canada","2016A000011124","Chartered bank - conventional mortgage: 5 year","Percent","239","units","0","v80691335","1.35","5.99","","","","2"
"2010-06-23","Canada","2016A000011124","Chartered bank - conventional mortgage: 5 year","Percent","239","units","0","v80691335","1.35","5.99","","","","2"
"2010-06-30","Canada","2016A000011124","Chartered bank - conventional mortgage: 5 year","Percent","239","units","0","v80691335","1.35","5.89","","","","2"
"2010-07-07","Canada","2016A000011124","Chartered bank - conventional mortgage: 5 year","Percent","239","units","0","v80691335","1.35","5.79","","","","2"
"2010-07-14","Canada","2016A000011124","Chartered bank - conventional mortgage: 5 year","Percent","239","units","0","v80691335","1.35","5.79","","","","2"
"2010-07-21","Canada","2016A000011124","Chartered bank - conventional mortgage: 5 year","Percent","239","units","0","v80691335","1.35","5.79","","","","2"
"2010-07-28","Canada","2016A000011124","Chartered bank - conventional mortgage: 5 year","Percent","239","units","0","v80691335","1.35","5.79","","","","2"
"2010-08-04","Canada","2016A000011124","Chartered bank - conventional mortgage: 5 year","Percent","239","units","0","v80691335","1.35","5.79","","","","2"
"2010-08-11","Canada","2016A000011124","Chartered bank - conventional mortgage: 5 year","Percent","239","units","0","v80691335","1.35","5.59","","","","2"
"2010-08-18","Canada","2016A000011124","Chartered bank - conventional mortgage: 5 year","Percent","239","units","0","v80691335","1.35","5.49","","","","2"
"2010-08-25","Canada","2016A000011124","Chartered bank - conventional mortgage: 5 year","Percent","239","units","0","v80691335","1.35","5.39","","","","2"
"2010-09-01","Canada","2016A000011124","Chartered bank - conventional mortgage: 5 year","Percent","239","units","0","v80691335","1.35","5.39","","","","2"
"2010-09-08","Canada","2016A000011124","Chartered bank - conventional mortgage: 5 year","Percent","239","units","0","v80691335","1.35","5.39","","","","2"
"2010-09-15","Canada","2016A000011124","Chartered bank - conventional mortgage: 5 year","Percent","239","units","0","v80691335","1.35","5.39","","","","2"
"2010-09-22","Canada","2016A000011124","Chartered bank - conventional mortgage: 5 year","Percent","239","units","0","v80691335","1.35","5.39","","","","2"
"2010-09-29","Canada","2016A000011124","Chartered bank - conventional mortgage: 5 year","Percent","239","units","0","v80691335","1.35","5.39","","","","2"
"2010-10-06","Canada","2016A000011124","Chartered bank - conventional mortgage: 5 year","Percent","239","units","0","v80691335","1.35","5.39","","","","2"
"2010-10-13","Canada","2016A000011124","Chartered bank - conventional mortgage: 5 year","Percent","239","units","0","v80691335","1.35","5.29","","","","2"
"2010-10-20","Canada","2016A000011124","Chartered bank - conventional mortgage: 5 year","Percent","239","units","0","v80691335","1.35","5.29","","","","2"
"2010-10-27","Canada","2016A000011124","Chartered bank - conventional mortgage: 5 year","Percent","239","units","0","v80691335","1.35","5.29","","","","2"
"2010-11-03","Canada","2016A000011124","Chartered bank - conventional mortgage: 5 year","Percent","239","units","0","v80691335","1.35","5.29","","","","2"
"2010-11-10","Canada","2016A000011124","Chartered bank - conventional mortgage: 5 year","Percent","239","units","0","v80691335","1.35","5.19","","","","2"
"2010-11-17","Canada","2016A000011124","Chartered bank - conventional mortgage: 5 year","Percent","239","units","0","v80691335","1.35","5.19","","","","2"
"2010-11-24","Canada","2016A000011124","Chartered bank - conventional mortgage: 5 year","Percent","239","units","0","v80691335","1.35","5.44","","","","2"
"2010-12-01","Canada","2016A000011124","Chartered bank - conventional mortgage: 5 year","Percent","239","units","0","v80691335","1.35","5.19","","","","2"
"2010-12-08","Canada","2016A000011124","Chartered bank - conventional mortgage: 5 year","Percent","239","units","0","v80691335","1.35","5.19","","","","2"
"2010-12-15","Canada","2016A000011124","Chartered bank - conventional mortgage: 5 year","Percent","239","units","0","v80691335","1.35","5.19","","","","2"
"2010-12-22","Canada","2016A000011124","Chartered bank - conventional mortgage: 5 year","Percent","239","units","0","v80691335","1.35","5.19","","","","2"
"2010-12-29","Canada","2016A000011124","Chartered bank - conventional mortgage: 5 year","Percent","239","units","0","v80691335","1.35","5.19","","","","2"
"2011-01-05","Canada","2016A000011124","Chartered bank - conventional mortgage: 5 year","Percent","239","units","0","v80691335","1.35","5.19","","","","2"
"2011-01-12","Canada","2016A000011124","Chartered bank - conventional mortgage: 5 year","Percent","239","units","0","v80691335","1.35","5.19","","","","2"
"2011-01-19","Canada","2016A000011124","Chartered bank - conventional mortgage: 5 year","Percent","239","units","0","v80691335","1.35","5.19","","","","2"
"2011-01-26","Canada","2016A000011124","Chartered bank - conventional mortgage: 5 year","Percent","239","units","0","v80691335","1.35","5.19","","","","2"
"2011-02-02","Canada","2016A000011124","Chartered bank - conventional mortgage: 5 year","Percent","239","units","0","v80691335","1.35","5.19","","","","2"
"2011-02-09","Canada","2016A000011124","Chartered bank - conventional mortgage: 5 year","Percent","239","units","0","v80691335","1.35","5.44","","","","2"
"2011-02-16","Canada","2016A000011124","Chartered bank - conventional mortgage: 5 year","Percent","239","units","0","v80691335","1.35","5.44","","","","2"
"2011-02-23","Canada","2016A000011124","Chartered bank - conventional mortgage: 5 year","Percent","239","units","0","v80691335","1.35","5.44","","","","2"
"2011-03-02","Canada","2016A000011124","Chartered bank - conventional mortgage: 5 year","Percent","239","units","0","v80691335","1.35","5.44","","","","2"
"2011-03-09","Canada","2016A000011124","Chartered bank - conventional mortgage: 5 year","Percent","239","units","0","v80691335","1.35","5.44","","","","2"
"2011-03-16","Canada","2016A000011124","Chartered bank - conventional mortgage: 5 year","Percent","239","units","0","v80691335","1.35","5.44","","","","2"
"2011-03-23","Canada","2016A000011124","Chartered bank - conventional mortgage: 5 year","Percent","239","units","0","v80691335","1.35","5.34","","","","2"
"2011-03-30","Canada","2016A000011124","Chartered bank - conventional mortgage: 5 year","Percent","239","units","0","v80691335","1.35","5.34","","","","2"
"2011-04-06","Canada","2016A000011124","Chartered bank - conventional mortgage: 5 year","Percent","239","units","0","v80691335","1.35","5.69","","","","2"
"2011-04-13","Canada","2016A000011124","Chartered bank - conventional mortgage: 5 year","Percent","239","units","0","v80691335","1.35","5.69","","","","2"
"2011-04-20","Canada","2016A000011124","Chartered bank - conventional mortgage: 5 year","Percent","239","units","0","v80691335","1.35","5.69","","","","2"
"2011-04-27","Canada","2016A000011124","Chartered bank - conventional mortgage: 5 year","Percent","239","units","0","v80691335","1.35","5.69","","","","2"
"2011-05-04","Canada","2016A000011124","Chartered bank - conventional mortgage: 5 year","Percent","239","units","0","v80691335","1.35","5.69","","","","2"
"2011-05-11","Canada","2016A000011124","Chartered bank - conventional mortgage: 5 year","Percent","239","units","0","v80691335","1.35","5.69","","","","2"
"2011-05-18","Canada","2016A000011124","Chartered bank - conventional mortgage: 5 year","Percent","239","units","0","v80691335","1.35","5.69","","","","2"
"2011-05-25","Canada","2016A000011124","Chartered bank - conventional mortgage: 5 year","Percent","239","units","0","v80691335","1.35","5.59","","","","2"
"2011-06-01","Canada","2016A000011124","Chartered bank - conventional mortgage: 5 year","Percent","239","units","0","v80691335","1.35","5.49","","","","2"
"2011-06-08","Canada","2016A000011124","Chartered bank - conventional mortgage: 5 year","Percent","239","units","0","v80691335","1.35","5.39","","","","2"
"2011-06-15","Canada","2016A000011124","Chartered bank - conventional mortgage: 5 year","Percent","239","units","0","v80691335","1.35","5.39","","","","2"
"2011-06-22","Canada","2016A000011124","Chartered bank - conventional mortgage: 5 year","Percent","239","units","0","v80691335","1.35","5.39","","","","2"
"2011-06-29","Canada","2016A000011124","Chartered bank - conventional mortgage: 5 year","Percent","239","units","0","v80691335","1.35","5.39","","","","2"
"2011-07-06","Canada","2016A000011124","Chartered bank - conventional mortgage: 5 year","Percent","239","units","0","v80691335","1.35","5.54","","","","2"
"2011-07-13","Canada","2016A000011124","Chartered bank - conventional mortgage: 5 year","Percent","239","units","0","v80691335","1.35","5.54","","","","2"
"2011-07-20","Canada","2016A000011124","Chartered bank - conventional mortgage: 5 year","Percent","239","units","0","v80691335","1.35","5.39","","","","2"
"2011-07-27","Canada","2016A000011124","Chartered bank - conventional mortgage: 5 year","Percent","239","units","0","v80691335","1.35","5.39","","","","2"
"2011-08-03","Canada","2016A000011124","Chartered bank - conventional mortgage: 5 year","Percent","239","units","0","v80691335","1.35","5.39","","","","2"
"2011-08-10","Canada","2016A000011124","Chartered bank - conventional mortgage: 5 year","Percent","239","units","0","v80691335","1.35","5.39","","","","2"
"2011-08-17","Canada","2016A000011124","Chartered bank - conventional mortgage: 5 year","Percent","239","units","0","v80691335","1.35","5.39","","","","2"
"2011-08-24","Canada","2016A000011124","Chartered bank - conventional mortgage: 5 year","Percent","239","units","0","v80691335","1.35","5.39","","","","2"
"2011-08-31","Canada","2016A000011124","Chartered bank - conventional mortgage: 5 year","Percent","239","units","0","v80691335","1.35","5.39","","","","2"
"2011-09-07","Canada","2016A000011124","Chartered bank - conventional mortgage: 5 year","Percent","239","units","0","v80691335","1.35","5.39","","","","2"
"2011-09-14","Canada","2016A000011124","Chartered bank - conventional mortgage: 5 year","Percent","239","units","0","v80691335","1.35","5.39","","","","2"
"2011-09-21","Canada","2016A000011124","Chartered bank - conventional mortgage: 5 year","Percent","239","units","0","v80691335","1.35","5.19","","","","2"
"2011-09-28","Canada","2016A000011124","Chartered bank - conventional mortgage: 5 year","Percent","239","units","0","v80691335","1.35","5.19","","","","2"
"2011-10-05","Canada","2016A000011124","Chartered bank - conventional mortgage: 5 year","Percent","239","units","0","v80691335","1.35","5.19","","","","2"
"2011-10-12","Canada","2016A000011124","Chartered bank - conventional mortgage: 5 year","Percent","239","units","0","v80691335","1.35","5.29","","","","2"
"2011-10-19","Canada","2016A000011124","Chartered bank - conventional mortgage: 5 year","Percent","239","units","0","v80691335","1.35","5.29","","","","2"
"2011-10-26","Canada","2016A000011124","Chartered bank - conventional mortgage: 5 year","Percent","239","units","0","v80691335","1.35","5.29","","","","2"
"2011-11-02","Canada","2016A000011124","Chartered bank - conventional mortgage: 5 year","Percent","239","units","0","v80691335","1.35","5.29","","","","2"
"2011-11-09","Canada","2016A000011124","Chartered bank - conventional mortgage: 5 year","Percent","239","units","0","v80691335","1.35","5.29","","","","2"
"2011-11-16","Canada","2016A000011124","Chartered bank - conventional mortgage: 5 year","Percent","239","units","0","v80691335","1.35","5.29","","","","2"
"2011-11-23","Canada","2016A000011124","Chartered bank - conventional mortgage: 5 year","Percent","239","units","0","v80691335","1.35","5.29","","","","2"
"2011-11-30","Canada","2016A000011124","Chartered bank - conventional mortgage: 5 year","Percent","239","units","0","v80691335","1.35","5.29","","","","2"
"2011-12-07","Canada","2016A000011124","Chartered bank - conventional mortgage: 5 year","Percent","239","units","0","v80691335","1.35","5.29","","","","2"
"2011-12-14","Canada","2016A000011124","Chartered bank - conventional mortgage: 5 year","Percent","239","units","0","v80691335","1.35","5.29","","","","2"
"2011-12-21","Canada","2016A000011124","Chartered bank - conventional mortgage: 5 year","Percent","239","units","0","v80691335","1.35","5.29","","","","2"
"2011-12-28","Canada","2016A000011124","Chartered bank - conventional mortgage: 5 year","Percent","239","units","0","v80691335","1.35","5.29","","","","2"
"2012-01-04","Canada","2016A000011124","Chartered bank - conventional mortgage: 5 year","Percent","239","units","0","v80691335","1.35","5.29","","","","2"
"2012-01-11","Canada","2016A000011124","Chartered bank - conventional mortgage: 5 year","Percent","239","units","0","v80691335","1.35","5.29","","","","2"
"2012-01-18","Canada","2016A000011124","Chartered bank - conventional mortgage: 5 year","Percent","239","units","0","v80691335","1.35","5.29","","","","2"
"2012-01-25","Canada","2016A000011124","Chartered bank - conventional mortgage: 5 year","Percent","239","units","0","v80691335","1.35","5.29","","","","2"
"2012-02-01","Canada","2016A000011124","Chartered bank - conventional mortgage: 5 year","Percent","239","units","0","v80691335","1.35","5.14","","","","2"
"2012-02-08","Canada","2016A000011124","Chartered bank - conventional mortgage: 5 year","Percent","239","units","0","v80691335","1.35","5.14","","","","2"
"2012-02-15","Canada","2016A000011124","Chartered bank - conventional mortgage: 5 year","Percent","239","units","0","v80691335","1.35","5.24","","","","2"
"2012-02-22","Canada","2016A000011124","Chartered bank - conventional mortgage: 5 year","Percent","239","units","0","v80691335","1.35","5.24","","","","2"
"2012-02-29","Canada","2016A000011124","Chartered bank - conventional mortgage: 5 year","Percent","239","units","0","v80691335","1.35","5.24","","","","2"
"2012-03-07","Canada","2016A000011124","Chartered bank - conventional mortgage: 5 year","Percent","239","units","0","v80691335","1.35","5.24","","","","2"
"2012-03-14","Canada","2016A000011124","Chartered bank - conventional mortgage: 5 year","Percent","239","units","0","v80691335","1.35","5.24","","","","2"
"2012-03-21","Canada","2016A000011124","Chartered bank - conventional mortgage: 5 year","Percent","239","units","0","v80691335","1.35","5.24","","","","2"
"2012-03-28","Canada","2016A000011124","Chartered bank - conventional mortgage: 5 year","Percent","239","units","0","v80691335","1.35","5.24","","","","2"
"2012-04-04","Canada","2016A000011124","Chartered bank - conventional mortgage: 5 year","Percent","239","units","0","v80691335","1.35","5.44","","","","2"
"2012-04-11","Canada","2016A000011124","Chartered bank - conventional mortgage: 5 year","Percent","239","units","0","v80691335","1.35","5.44","","","","2"
"2012-04-18","Canada","2016A000011124","Chartered bank - conventional mortgage: 5 year","Percent","239","units","0","v80691335","1.35","5.44","","","","2"
"2012-04-25","Canada","2016A000011124","Chartered bank - conventional mortgage: 5 year","Percent","239","units","0","v80691335","1.35","5.44","","","","2"
"2012-05-02","Canada","2016A000011124","Chartered bank - conventional mortgage: 5 year","Percent","239","units","0","v80691335","1.35","5.44","","","","2"
"2012-05-09","Canada","2016A000011124","Chartered bank - conventional mortgage: 5 year","Percent","239","units","0","v80691335","1.35","5.44","","","","2"
"2012-05-16","Canada","2016A000011124","Chartered bank - conventional mortgage: 5 year","Percent","239","units","0","v80691335","1.35","5.44","","","","2"
"2012-05-23","Canada","2016A000011124","Chartered bank - conventional mortgage: 5 year","Percent","239","units","0","v80691335","1.35","5.44","","","","2"
"2012-05-30","Canada","2016A000011124","Chartered bank - conventional mortgage: 5 year","Percent","239","units","0","v80691335","1.35","5.34","","","","2"
"2012-06-06","Canada","2016A000011124","Chartered bank - conventional mortgage: 5 year","Percent","239","units","0","v80691335","1.35","5.24","","","","2"
"2012-06-13","Canada","2016A000011124","Chartered bank - conventional mortgage: 5 year","Percent","239","units","0","v80691335","1.35","5.24","","","","2"
"2012-06-20","Canada","2016A000011124","Chartered bank - conventional mortgage: 5 year","Percent","239","units","0","v80691335","1.35","5.24","","","","2"
"2012-06-27","Canada","2016A000011124","Chartered bank - conventional mortgage: 5 year","Percent","239","units","0","v80691335","1.35","5.24","","","","2"
"2012-07-04","Canada","2016A000011124","Chartered bank - conventional mortgage: 5 year","Percent","239","units","0","v80691335","1.35","5.24","","","","2"
"2012-07-11","Canada","2016A000011124","Chartered bank - conventional mortgage: 5 year","Percent","239","units","0","v80691335","1.35","5.24","","","","2"
"2012-07-18","Canada","2016A000011124","Chartered bank - conventional mortgage: 5 year","Percent","239","units","0","v80691335","1.35","5.24","","","","2"
"2012-07-25","Canada","2016A000011124","Chartered bank - conventional mortgage: 5 year","Percent","239","units","0","v80691335","1.35","5.24","","","","2"
"2012-08-01","Canada","2016A000011124","Chartered bank - conventional mortgage: 5 year","Percent","239","units","0","v80691335","1.35","5.24","","","","2"
"2012-08-08","Canada","2016A000011124","Chartered bank - conventional mortgage: 5 year","Percent","239","units","0","v80691335","1.35","5.24","","","","2"
"2012-08-15","Canada","2016A000011124","Chartered bank - conventional mortgage: 5 year","Percent","239","units","0","v80691335","1.35","5.24","","","","2"
"2012-08-22","Canada","2016A000011124","Chartered bank - conventional mortgage: 5 year","Percent","239","units","0","v80691335","1.35","5.24","","","","2"
"2012-08-29","Canada","2016A000011124","Chartered bank - conventional mortgage: 5 year","Percent","239","units","0","v80691335","1.35","5.24","","","","2"
"2012-09-05","Canada","2016A000011124","Chartered bank - conventional mortgage: 5 year","Percent","239","units","0","v80691335","1.35","5.24","","","","2"
"2012-09-12","Canada","2016A000011124","Chartered bank - conventional mortgage: 5 year","Percent","239","units","0","v80691335","1.35","5.24","","","","2"
"2012-09-19","Canada","2016A000011124","Chartered bank - conventional mortgage: 5 year","Percent","239","units","0","v80691335","1.35","5.24","","","","2"
"2012-09-26","Canada","2016A000011124","Chartered bank - conventional mortgage: 5 year","Percent","239","units","0","v80691335","1.35","5.24","","","","2"
"2012-10-03","Canada","2016A000011124","Chartered bank - conventional mortgage: 5 year","Percent","239","units","0","v80691335","1.35","5.24","","","","2"
"2012-10-10","Canada","2016A000011124","Chartered bank - conventional mortgage: 5 year","Percent","239","units","0","v80691335","1.35","5.24","","","","2"
"2012-10-17","Canada","2016A000011124","Chartered bank - conventional mortgage: 5 year","Percent","239","units","0","v80691335","1.35","5.24","","","","2"
"2012-10-24","Canada","2016A000011124","Chartered bank - conventional mortgage: 5 year","Percent","239","units","0","v80691335","1.35","5.24","","","","2"
"2012-10-31","Canada","2016A000011124","Chartered bank - conventional mortgage: 5 year","Percent","239","units","0","v80691335","1.35","5.24","","","","2"
"2012-11-07","Canada","2016A000011124","Chartered bank - conventional mortgage: 5 year","Percent","239","units","0","v80691335","1.35","5.24","","","","2"
"2012-11-14","Canada","2016A000011124","Chartered bank - conventional mortgage: 5 year","Percent","239","units","0","v80691335","1.35","5.24","","","","2"
"2012-11-21","Canada","2016A000011124","Chartered bank - conventional mortgage: 5 year","Percent","239","units","0","v80691335","1.35","5.24","","","","2"
"2012-11-28","Canada","2016A000011124","Chartered bank - conventional mortgage: 5 year","Percent","239","units","0","v80691335","1.35","5.24","","","","2"
"2012-12-05","Canada","2016A000011124","Chartered bank - conventional mortgage: 5 year","Percent","239","units","0","v80691335","1.35","5.24","","","","2"
"2012-12-12","Canada","2016A000011124","Chartered bank - conventional mortgage: 5 year","Percent","239","units","0","v80691335","1.35","5.24","","","","2"
"2012-12-19","Canada","2016A000011124","Chartered bank - conventional mortgage: 5 year","Percent","239","units","0","v80691335","1.35","5.24","","","","2"
"2012-12-26","Canada","2016A000011124","Chartered bank - conventional mortgage: 5 year","Percent","239","units","0","v80691335","1.35","5.24","","","","2"
"2013-01-02","Canada","2016A000011124","Chartered bank - conventional mortgage: 5 year","Percent","239","units","0","v80691335","1.35","5.24","","","","2"
"2013-01-09","Canada","2016A000011124","Chartered bank - conventional mortgage: 5 year","Percent","239","units","0","v80691335","1.35","5.24","","","","2"
"2013-01-16","Canada","2016A000011124","Chartered bank - conventional mortgage: 5 year","Percent","239","units","0","v80691335","1.35","5.24","","","","2"
"2013-01-23","Canada","2016A000011124","Chartered bank - conventional mortgage: 5 year","Percent","239","units","0","v80691335","1.35","5.24","","","","2"
"2013-01-30","Canada","2016A000011124","Chartered bank - conventional mortgage: 5 year","Percent","239","units","0","v80691335","1.35","5.24","","","","2"
"2013-02-06","Canada","2016A000011124","Chartered bank - conventional mortgage: 5 year","Percent","239","units","0","v80691335","1.35","5.24","","","","2"
"2013-02-13","Canada","2016A000011124","Chartered bank - conventional mortgage: 5 year","Percent","239","units","0","v80691335","1.35","5.24","","","","2"
"2013-02-20","Canada","2016A000011124","Chartered bank - conventional mortgage: 5 year","Percent","239","units","0","v80691335","1.35","5.24","","","","2"
"2013-02-27","Canada","2016A000011124","Chartered bank - conventional mortgage: 5 year","Percent","239","units","0","v80691335","1.35","5.24","","","","2"
"2013-03-06","Canada","2016A000011124","Chartered bank - conventional mortgage: 5 year","Percent","239","units","0","v80691335","1.35","5.24","","","","2"
"2013-03-13","Canada","2016A000011124","Chartered bank - conventional mortgage: 5 year","Percent","239","units","0","v80691335","1.35","5.14","","","","2"
"2013-03-20","Canada","2016A000011124","Chartered bank - conventional mortgage: 5 year","Percent","239","units","0","v80691335","1.35","5.14","","","","2"
"2013-03-27","Canada","2016A000011124","Chartered bank - conventional mortgage: 5 year","Percent","239","units","0","v80691335","1.35","5.14","","","","2"
"2013-04-03","Canada","2016A000011124","Chartered bank - conventional mortgage: 5 year","Percent","239","units","0","v80691335","1.35","5.14","","","","2"
"2013-04-10","Canada","2016A000011124","Chartered bank - conventional mortgage: 5 year","Percent","239","units","0","v80691335","1.35","5.14","","","","2"
"2013-04-17","Canada","2016A000011124","Chartered bank - conventional mortgage: 5 year","Percent","239","units","0","v80691335","1.35","5.14","","","","2"
"2013-04-24","Canada","2016A000011124","Chartered bank - conventional mortgage: 5 year","Percent","239","units","0","v80691335","1.35","5.14","","","","2"
"2013-05-01","Canada","2016A000011124","Chartered bank - conventional mortgage: 5 year","Percent","239","units","0","v80691335","1.35","5.14","","","","2"
"2013-05-08","Canada","2016A000011124","Chartered bank - conventional mortgage: 5 year","Percent","239","units","0","v80691335","1.35","5.14","","","","2"
"2013-05-15","Canada","2016A000011124","Chartered bank - conventional mortgage: 5 year","Percent","239","units","0","v80691335","1.35","5.14","","","","2"
"2013-05-22","Canada","2016A000011124","Chartered bank - conventional mortgage: 5 year","Percent","239","units","0","v80691335","1.35","5.14","","","","2"
"2013-05-29","Canada","2016A000011124","Chartered bank - conventional mortgage: 5 year","Percent","239","units","0","v80691335","1.35","5.14","","","","2"
"2013-06-05","Canada","2016A000011124","Chartered bank - conventional mortgage: 5 year","Percent","239","units","0","v80691335","1.35","5.14","","","","2"
"2013-06-12","Canada","2016A000011124","Chartered bank - conventional mortgage: 5 year","Percent","239","units","0","v80691335","1.35","5.14","","","","2"
"2013-06-19","Canada","2016A000011124","Chartered bank - conventional mortgage: 5 year","Percent","239","units","0","v80691335","1.35","5.14","","","","2"
"2013-06-26","Canada","2016A000011124","Chartered bank - conventional mortgage: 5 year","Percent","239","units","0","v80691335","1.35","5.14","","","","2"
"2013-07-03","Canada","2016A000011124","Chartered bank - conventional mortgage: 5 year","Percent","239","units","0","v80691335","1.35","5.14","","","","2"
"2013-07-10","Canada","2016A000011124","Chartered bank - conventional mortgage: 5 year","Percent","239","units","0","v80691335","1.35","5.14","","","","2"
"2013-07-17","Canada","2016A000011124","Chartered bank - conventional mortgage: 5 year","Percent","239","units","0","v80691335","1.35","5.14","","","","2"
"2013-07-24","Canada","2016A000011124","Chartered bank - conventional mortgage: 5 year","Percent","239","units","0","v80691335","1.35","5.14","","","","2"
"2013-07-31","Canada","2016A000011124","Chartered bank - conventional mortgage: 5 year","Percent","239","units","0","v80691335","1.35","5.14","","","","2"
"2013-08-07","Canada","2016A000011124","Chartered bank - conventional mortgage: 5 year","Percent","239","units","0","v80691335","1.35","5.14","","","","2"
"2013-08-14","Canada","2016A000011124","Chartered bank - conventional mortgage: 5 year","Percent","239","units","0","v80691335","1.35","5.14","","","","2"
"2013-08-21","Canada","2016A000011124","Chartered bank - conventional mortgage: 5 year","Percent","239","units","0","v80691335","1.35","5.14","","","","2"
"2013-08-28","Canada","2016A000011124","Chartered bank - conventional mortgage: 5 year","Percent","239","units","0","v80691335","1.35","5.34","","","","2"
"2013-09-04","Canada","2016A000011124","Chartered bank - conventional mortgage: 5 year","Percent","239","units","0","v80691335","1.35","5.34","","","","2"
"2013-09-11","Canada","2016A000011124","Chartered bank - conventional mortgage: 5 year","Percent","239","units","0","v80691335","1.35","5.34","","","","2"
"2013-09-18","Canada","2016A000011124","Chartered bank - conventional mortgage: 5 year","Percent","239","units","0","v80691335","1.35","5.34","","","","2"
"2013-09-25","Canada","2016A000011124","Chartered bank - conventional mortgage: 5 year","Percent","239","units","0","v80691335","1.35","5.34","","","","2"
"2013-10-02","Canada","2016A000011124","Chartered bank - conventional mortgage: 5 year","Percent","239","units","0","v80691335","1.35","5.34","","","","2"
"2013-10-09","Canada","2016A000011124","Chartered bank - conventional mortgage: 5 year","Percent","239","units","0","v80691335","1.35","5.34","","","","2"
"2013-10-16","Canada","2016A000011124","Chartered bank - conventional mortgage: 5 year","Percent","239","units","0","v80691335","1.35","5.34","","","","2"
"2013-10-23","Canada","2016A000011124","Chartered bank - conventional mortgage: 5 year","Percent","239","units","0","v80691335","1.35","5.34","","","","2"
"2013-10-30","Canada","2016A000011124","Chartered bank - conventional mortgage: 5 year","Percent","239","units","0","v80691335","1.35","5.34","","","","2"
"2013-11-06","Canada","2016A000011124","Chartered bank - conventional mortgage: 5 year","Percent","239","units","0","v80691335","1.35","5.34","","","","2"
"2013-11-13","Canada","2016A000011124","Chartered bank - conventional mortgage: 5 year","Percent","239","units","0","v80691335","1.35","5.34","","","","2"
"2013-11-20","Canada","2016A000011124","Chartered bank - conventional mortgage: 5 year","Percent","239","units","0","v80691335","1.35","5.34","","","","2"
"2013-11-27","Canada","2016A000011124","Chartered bank - conventional mortgage: 5 year","Percent","239","units","0","v80691335","1.35","5.34","","","","2"
"2013-12-04","Canada","2016A000011124","Chartered bank - conventional mortgage: 5 year","Percent","239","units","0","v80691335","1.35","5.34","","","","2"
"2013-12-11","Canada","2016A000011124","Chartered bank - conventional mortgage: 5 year","Percent","239","units","0","v80691335","1.35","5.34","","","","2"
"2013-12-18","Canada","2016A000011124","Chartered bank - conventional mortgage: 5 year","Percent","239","units","0","v80691335","1.35","5.34","","","","2"
"2013-12-25","Canada","2016A000011124","Chartered bank - conventional mortgage: 5 year","Percent","239","units","0","v80691335","1.35","5.34","","","","2"
"2014-01-01","Canada","2016A000011124","Chartered bank - conventional mortgage: 5 year","Percent","239","units","0","v80691335","1.35","5.34","","","","2"
"2014-01-08","Canada","2016A000011124","Chartered bank - conventional mortgage: 5 year","Percent","239","units","0","v80691335","1.35","5.34","","","","2"
"2014-01-15","Canada","2016A000011124","Chartered bank - conventional mortgage: 5 year","Percent","239","units","0","v80691335","1.35","5.34","","","","2"
"2014-01-22","Canada","2016A000011124","Chartered bank - conventional mortgage: 5 year","Percent","239","units","0","v80691335","1.35","5.24","","","","2"
"2014-01-29","Canada","2016A000011124","Chartered bank - conventional mortgage: 5 year","Percent","239","units","0","v80691335","1.35","5.24","","","","2"
"2014-02-05","Canada","2016A000011124","Chartered bank - conventional mortgage: 5 year","Percent","239","units","0","v80691335","1.35","5.24","","","","2"
"2014-02-12","Canada","2016A000011124","Chartered bank - conventional mortgage: 5 year","Percent","239","units","0","v80691335","1.35","5.24","","","","2"
"2014-02-19","Canada","2016A000011124","Chartered bank - conventional mortgage: 5 year","Percent","239","units","0","v80691335","1.35","5.24","","","","2"
"2014-02-26","Canada","2016A000011124","Chartered bank - conventional mortgage: 5 year","Percent","239","units","0","v80691335","1.35","5.24","","","","2"
"2014-03-05","Canada","2016A000011124","Chartered bank - conventional mortgage: 5 year","Percent","239","units","0","v80691335","1.35","4.99","","","","2"
"2014-03-12","Canada","2016A000011124","Chartered bank - conventional mortgage: 5 year","Percent","239","units","0","v80691335","1.35","4.99","","","","2"
"2014-03-19","Canada","2016A000011124","Chartered bank - conventional mortgage: 5 year","Percent","239","units","0","v80691335","1.35","4.99","","","","2"
"2014-03-26","Canada","2016A000011124","Chartered bank - conventional mortgage: 5 year","Percent","239","units","0","v80691335","1.35","4.99","","","","2"
"2014-04-02","Canada","2016A000011124","Chartered bank - conventional mortgage: 5 year","Percent","239","units","0","v80691335","1.35","4.99","","","","2"
"2014-04-09","Canada","2016A000011124","Chartered bank - conventional mortgage: 5 year","Percent","239","units","0","v80691335","1.35","4.79","","","","2"
"2014-04-16","Canada","2016A000011124","Chartered bank - conventional mortgage: 5 year","Percent","239","units","0","v80691335","1.35","4.79","","","","2"
"2014-04-23","Canada","2016A000011124","Chartered bank - conventional mortgage: 5 year","Percent","239","units","0","v80691335","1.35","4.79","","","","2"
"2014-04-30","Canada","2016A000011124","Chartered bank - conventional mortgage: 5 year","Percent","239","units","0","v80691335","1.35","4.79","","","","2"
"2014-05-07","Canada","2016A000011124","Chartered bank - conventional mortgage: 5 year","Percent","239","units","0","v80691335","1.35","4.79","","","","2"
"2014-05-14","Canada","2016A000011124","Chartered bank - conventional mortgage: 5 year","Percent","239","units","0","v80691335","1.35","4.79","","","","2"
"2014-05-21","Canada","2016A000011124","Chartered bank - conventional mortgage: 5 year","Percent","239","units","0","v80691335","1.35","4.79","","","","2"
"2014-05-28","Canada","2016A000011124","Chartered bank - conventional mortgage: 5 year","Percent","239","units","0","v80691335","1.35","4.79","","","","2"
"2014-06-04","Canada","2016A000011124","Chartered bank - conventional mortgage: 5 year","Percent","239","units","0","v80691335","1.35","4.79","","","","2"
"2014-06-11","Canada","2016A000011124","Chartered bank - conventional mortgage: 5 year","Percent","239","units","0","v80691335","1.35","4.79","","","","2"
"2014-06-18","Canada","2016A000011124","Chartered bank - conventional mortgage: 5 year","Percent","239","units","0","v80691335","1.35","4.79","","","","2"
"2014-06-25","Canada","2016A000011124","Chartered bank - conventional mortgage: 5 year","Percent","239","units","0","v80691335","1.35","4.79","","","","2"
"2014-07-02","Canada","2016A000011124","Chartered bank - conventional mortgage: 5 year","Percent","239","units","0","v80691335","1.35","4.79","","","","2"
"2014-07-09","Canada","2016A000011124","Chartered bank - conventional mortgage: 5 year","Percent","239","units","0","v80691335","1.35","4.79","","","","2"
"2014-07-16","Canada","2016A000011124","Chartered bank - conventional mortgage: 5 year","Percent","239","units","0","v80691335","1.35","4.79","","","","2"
"2014-07-23","Canada","2016A000011124","Chartered bank - conventional mortgage: 5 year","Percent","239","units","0","v80691335","1.35","4.79","","","","2"
"2014-07-30","Canada","2016A000011124","Chartered bank - conventional mortgage: 5 year","Percent","239","units","0","v80691335","1.35","4.79","","","","2"
"2014-08-06","Canada","2016A000011124","Chartered bank - conventional mortgage: 5 year","Percent","239","units","0","v80691335","1.35","4.79","","","","2"
"2014-08-13","Canada","2016A000011124","Chartered bank - conventional mortgage: 5 year","Percent","239","units","0","v80691335","1.35","4.79","","","","2"
"2014-08-20","Canada","2016A000011124","Chartered bank - conventional mortgage: 5 year","Percent","239","units","0","v80691335","1.35","4.79","","","","2"
"2014-08-27","Canada","2016A000011124","Chartered bank - conventional mortgage: 5 year","Percent","239","units","0","v80691335","1.35","4.79","","","","2"
"2014-09-03","Canada","2016A000011124","Chartered bank - conventional mortgage: 5 year","Percent","239","units","0","v80691335","1.35","4.79","","","","2"
"2014-09-10","Canada","2016A000011124","Chartered bank - conventional mortgage: 5 year","Percent","239","units","0","v80691335","1.35","4.79","","","","2"
"2014-09-17","Canada","2016A000011124","Chartered bank - conventional mortgage: 5 year","Percent","239","units","0","v80691335","1.35","4.79","","","","2"
"2014-09-24","Canada","2016A000011124","Chartered bank - conventional mortgage: 5 year","Percent","239","units","0","v80691335","1.35","4.79","","","","2"
"2014-10-01","Canada","2016A000011124","Chartered bank - conventional mortgage: 5 year","Percent","239","units","0","v80691335","1.35","4.79","","","","2"
"2014-10-08","Canada","2016A000011124","Chartered bank - conventional mortgage: 5 year","Percent","239","units","0","v80691335","1.35","4.79","","","","2"
"2014-10-15","Canada","2016A000011124","Chartered bank - conventional mortgage: 5 year","Percent","239","units","0","v80691335","1.35","4.79","","","","2"
"2014-10-22","Canada","2016A000011124","Chartered bank - conventional mortgage: 5 year","Percent","239","units","0","v80691335","1.35","4.79","","","","2"
"2014-10-29","Canada","2016A000011124","Chartered bank - conventional mortgage: 5 year","Percent","239","units","0","v80691335","1.35","4.79","","","","2"
"2014-11-05","Canada","2016A000011124","Chartered bank - conventional mortgage: 5 year","Percent","239","units","0","v80691335","1.35","4.79","","","","2"
"2014-11-12","Canada","2016A000011124","Chartered bank - conventional mortgage: 5 year","Percent","239","units","0","v80691335","1.35","4.79","","","","2"
"2014-11-19","Canada","2016A000011124","Chartered bank - conventional mortgage: 5 year","Percent","239","units","0","v80691335","1.35","4.79","","","","2"
"2014-11-26","Canada","2016A000011124","Chartered bank - conventional mortgage: 5 year","Percent","239","units","0","v80691335","1.35","4.79","","","","2"
"2014-12-03","Canada","2016A000011124","Chartered bank - conventional mortgage: 5 year","Percent","239","units","0","v80691335","1.35","4.79","","","","2"
"2014-12-10","Canada","2016A000011124","Chartered bank - conventional mortgage: 5 year","Percent","239","units","0","v80691335","1.35","4.79","","","","2"
"2014-12-17","Canada","2016A000011124","Chartered bank - conventional mortgage: 5 year","Percent","239","units","0","v80691335","1.35","4.79","","","","2"
"2014-12-24","Canada","2016A000011124","Chartered bank - conventional mortgage: 5 year","Percent","239","units","0","v80691335","1.35","4.79","","","","2"
"2014-12-31","Canada","2016A000011124","Chartered bank - conventional mortgage: 5 year","Percent","239","units","0","v80691335","1.35","4.79","","","","2"
"2015-01-07","Canada","2016A000011124","Chartered bank - conventional mortgage: 5 year","Percent","239","units","0","v80691335","1.35","4.79","","","","2"
"2015-01-14","Canada","2016A000011124","Chartered bank - conventional mortgage: 5 year","Percent","239","units","0","v80691335","1.35","4.79","","","","2"
"2015-01-21","Canada","2016A000011124","Chartered bank - conventional mortgage: 5 year","Percent","239","units","0","v80691335","1.35","4.79","","","","2"
"2015-01-28","Canada","2016A000011124","Chartered bank - conventional mortgage: 5 year","Percent","239","units","0","v80691335","1.35","4.79","","","","2"
"2015-02-04","Canada","2016A000011124","Chartered bank - conventional mortgage: 5 year","Percent","239","units","0","v80691335","1.35","4.79","","","","2"
"2015-02-11","Canada","2016A000011124","Chartered bank - conventional mortgage: 5 year","Percent","239","units","0","v80691335","1.35","4.79","","","","2"
"2015-02-18","Canada","2016A000011124","Chartered bank - conventional mortgage: 5 year","Percent","239","units","0","v80691335","1.35","4.79","","","","2"
"2015-02-25","Canada","2016A000011124","Chartered bank - conventional mortgage: 5 year","Percent","239","units","0","v80691335","1.35","4.74","","","","2"
"2015-03-04","Canada","2016A000011124","Chartered bank - conventional mortgage: 5 year","Percent","239","units","0","v80691335","1.35","4.74","","","","2"
"2015-03-11","Canada","2016A000011124","Chartered bank - conventional mortgage: 5 year","Percent","239","units","0","v80691335","1.35","4.74","","","","2"
"2015-03-18","Canada","2016A000011124","Chartered bank - conventional mortgage: 5 year","Percent","239","units","0","v80691335","1.35","4.74","","","","2"
"2015-03-25","Canada","2016A000011124","Chartered bank - conventional mortgage: 5 year","Percent","239","units","0","v80691335","1.35","4.74","","","","2"
"2015-04-01","Canada","2016A000011124","Chartered bank - conventional mortgage: 5 year","Percent","239","units","0","v80691335","1.35","4.74","","","","2"
"2015-04-08","Canada","2016A000011124","Chartered bank - conventional mortgage: 5 year","Percent","239","units","0","v80691335","1.35","4.64","","","","2"
"2015-04-15","Canada","2016A000011124","Chartered bank - conventional mortgage: 5 year","Percent","239","units","0","v80691335","1.35","4.64","","","","2"
"2015-04-22","Canada","2016A000011124","Chartered bank - conventional mortgage: 5 year","Percent","239","units","0","v80691335","1.35","4.64","","","","2"
"2015-04-29","Canada","2016A000011124","Chartered bank - conventional mortgage: 5 year","Percent","239","units","0","v80691335","1.35","4.64","","","","2"
"2015-05-06","Canada","2016A000011124","Chartered bank - conventional mortgage: 5 year","Percent","239","units","0","v80691335","1.35","4.64","","","","2"
"2015-05-13","Canada","2016A000011124","Chartered bank - conventional mortgage: 5 year","Percent","239","units","0","v80691335","1.35","4.64","","","","2"
"2015-05-20","Canada","2016A000011124","Chartered bank - conventional mortgage: 5 year","Percent","239","units","0","v80691335","1.35","4.64","","","","2"
"2015-05-27","Canada","2016A000011124","Chartered bank - conventional mortgage: 5 year","Percent","239","units","0","v80691335","1.35","4.64","","","","2"
"2015-06-03","Canada","2016A000011124","Chartered bank - conventional mortgage: 5 year","Percent","239","units","0","v80691335","1.35","4.64","","","","2"
"2015-06-10","Canada","2016A000011124","Chartered bank - conventional mortgage: 5 year","Percent","239","units","0","v80691335","1.35","4.64","","","","2"
"2015-06-17","Canada","2016A000011124","Chartered bank - conventional mortgage: 5 year","Percent","239","units","0","v80691335","1.35","4.64","","","","2"
"2015-06-24","Canada","2016A000011124","Chartered bank - conventional mortgage: 5 year","Percent","239","units","0","v80691335","1.35","4.64","","","","2"
"2015-07-01","Canada","2016A000011124","Chartered bank - conventional mortgage: 5 year","Percent","239","units","0","v80691335","1.35","4.64","","","","2"
"2015-07-08","Canada","2016A000011124","Chartered bank - conventional mortgage: 5 year","Percent","239","units","0","v80691335","1.35","4.64","","","","2"
"2015-07-15","Canada","2016A000011124","Chartered bank - conventional mortgage: 5 year","Percent","239","units","0","v80691335","1.35","4.64","","","","2"
"2015-07-22","Canada","2016A000011124","Chartered bank - conventional mortgage: 5 year","Percent","239","units","0","v80691335","1.35","4.64","","","","2"
"2015-07-29","Canada","2016A000011124","Chartered bank - conventional mortgage: 5 year","Percent","239","units","0","v80691335","1.35","4.64","","","","2"
"2015-08-05","Canada","2016A000011124","Chartered bank - conventional mortgage: 5 year","Percent","239","units","0","v80691335","1.35","4.64","","","","2"
"2015-08-12","Canada","2016A000011124","Chartered bank - conventional mortgage: 5 year","Percent","239","units","0","v80691335","1.35","4.64","","","","2"
"2015-08-19","Canada","2016A000011124","Chartered bank - conventional mortgage: 5 year","Percent","239","units","0","v80691335","1.35","4.64","","","","2"
"2015-08-26","Canada","2016A000011124","Chartered bank - conventional mortgage: 5 year","Percent","239","units","0","v80691335","1.35","4.64","","","","2"
"2015-09-02","Canada","2016A000011124","Chartered bank - conventional mortgage: 5 year","Percent","239","units","0","v80691335","1.35","4.64","","","","2"
"2015-09-09","Canada","2016A000011124","Chartered bank - conventional mortgage: 5 year","Percent","239","units","0","v80691335","1.35","4.64","","","","2"
"2015-09-16","Canada","2016A000011124","Chartered bank - conventional mortgage: 5 year","Percent","239","units","0","v80691335","1.35","4.64","","","","2"
"2015-09-23","Canada","2016A000011124","Chartered bank - conventional mortgage: 5 year","Percent","239","units","0","v80691335","1.35","4.64","","","","2"
"2015-09-30","Canada","2016A000011124","Chartered bank - conventional mortgage: 5 year","Percent","239","units","0","v80691335","1.35","4.64","","","","2"
"2015-10-07","Canada","2016A000011124","Chartered bank - conventional mortgage: 5 year","Percent","239","units","0","v80691335","1.35","4.64","","","","2"
"2015-10-14","Canada","2016A000011124","Chartered bank - conventional mortgage: 5 year","Percent","239","units","0","v80691335","1.35","4.64","","","","2"
"2015-10-21","Canada","2016A000011124","Chartered bank - conventional mortgage: 5 year","Percent","239","units","0","v80691335","1.35","4.64","","","","2"
"2015-10-28","Canada","2016A000011124","Chartered bank - conventional mortgage: 5 year","Percent","239","units","0","v80691335","1.35","4.64","","","","2"
"2015-11-04","Canada","2016A000011124","Chartered bank - conventional mortgage: 5 year","Percent","239","units","0","v80691335","1.35","4.64","","","","2"
"2015-11-11","Canada","2016A000011124","Chartered bank - conventional mortgage: 5 year","Percent","239","units","0","v80691335","1.35","4.64","","","","2"
"2015-11-18","Canada","2016A000011124","Chartered bank - conventional mortgage: 5 year","Percent","239","units","0","v80691335","1.35","4.64","","","","2"
"2015-11-25","Canada","2016A000011124","Chartered bank - conventional mortgage: 5 year","Percent","239","units","0","v80691335","1.35","4.64","","","","2"
"2015-12-02","Canada","2016A000011124","Chartered bank - conventional mortgage: 5 year","Percent","239","units","0","v80691335","1.35","4.64","","","","2"
"2015-12-09","Canada","2016A000011124","Chartered bank - conventional mortgage: 5 year","Percent","239","units","0","v80691335","1.35","4.64","","","","2"
"2015-12-16","Canada","2016A000011124","Chartered bank - conventional mortgage: 5 year","Percent","239","units","0","v80691335","1.35","4.64","","","","2"
"2015-12-23","Canada","2016A000011124","Chartered bank - conventional mortgage: 5 year","Percent","239","units","0","v80691335","1.35","4.64","","","","2"
"2015-12-30","Canada","2016A000011124","Chartered bank - conventional mortgage: 5 year","Percent","239","units","0","v80691335","1.35","4.64","","","","2"
"2016-01-06","Canada","2016A000011124","Chartered bank - conventional mortgage: 5 year","Percent","239","units","0","v80691335","1.35","4.64","","","","2"
"2016-01-13","Canada","2016A000011124","Chartered bank - conventional mortgage: 5 year","Percent","239","units","0","v80691335","1.35","4.64","","","","2"
"2016-01-20","Canada","2016A000011124","Chartered bank - conventional mortgage: 5 year","Percent","239","units","0","v80691335","1.35","4.64","","","","2"
"2016-01-27","Canada","2016A000011124","Chartered bank - conventional mortgage: 5 year","Percent","239","units","0","v80691335","1.35","4.64","","","","2"
"2016-02-03","Canada","2016A000011124","Chartered bank - conventional mortgage: 5 year","Percent","239","units","0","v80691335","1.35","4.64","","","","2"
"2016-02-10","Canada","2016A000011124","Chartered bank - conventional mortgage: 5 year","Percent","239","units","0","v80691335","1.35","4.64","","","","2"
"2016-02-17","Canada","2016A000011124","Chartered bank - conventional mortgage: 5 year","Percent","239","units","0","v80691335","1.35","4.64","","","","2"
"2016-02-24","Canada","2016A000011124","Chartered bank - conventional mortgage: 5 year","Percent","239","units","0","v80691335","1.35","4.64","","","","2"
"2016-03-02","Canada","2016A000011124","Chartered bank - conventional mortgage: 5 year","Percent","239","units","0","v80691335","1.35","4.64","","","","2"
"2016-03-09","Canada","2016A000011124","Chartered bank - conventional mortgage: 5 year","Percent","239","units","0","v80691335","1.35","4.64","","","","2"
"2016-03-16","Canada","2016A000011124","Chartered bank - conventional mortgage: 5 year","Percent","239","units","0","v80691335","1.35","4.64","","","","2"
"2016-03-23","Canada","2016A000011124","Chartered bank - conventional mortgage: 5 year","Percent","239","units","0","v80691335","1.35","4.64","","","","2"
"2016-03-30","Canada","2016A000011124","Chartered bank - conventional mortgage: 5 year","Percent","239","units","0","v80691335","1.35","4.64","","","","2"
"2016-04-06","Canada","2016A000011124","Chartered bank - conventional mortgage: 5 year","Percent","239","units","0","v80691335","1.35","4.64","","","","2"
"2016-04-13","Canada","2016A000011124","Chartered bank - conventional mortgage: 5 year","Percent","239","units","0","v80691335","1.35","4.64","","","","2"
"2016-04-20","Canada","2016A000011124","Chartered bank - conventional mortgage: 5 year","Percent","239","units","0","v80691335","1.35","4.64","","","","2"
"2016-04-27","Canada","2016A000011124","Chartered bank - conventional mortgage: 5 year","Percent","239","units","0","v80691335","1.35","4.64","","","","2"
"2016-05-04","Canada","2016A000011124","Chartered bank - conventional mortgage: 5 year","Percent","239","units","0","v80691335","1.35","4.64","","","","2"
"2016-05-11","Canada","2016A000011124","Chartered bank - conventional mortgage: 5 year","Percent","239","units","0","v80691335","1.35","4.64","","","","2"
"2016-05-18","Canada","2016A000011124","Chartered bank - conventional mortgage: 5 year","Percent","239","units","0","v80691335","1.35","4.64","","","","2"
"2016-05-25","Canada","2016A000011124","Chartered bank - conventional mortgage: 5 year","Percent","239","units","0","v80691335","1.35","4.64","","","","2"
"2016-06-01","Canada","2016A000011124","Chartered bank - conventional mortgage: 5 year","Percent","239","units","0","v80691335","1.35","4.64","","","","2"
"2016-06-08","Canada","2016A000011124","Chartered bank - conventional mortgage: 5 year","Percent","239","units","0","v80691335","1.35","4.64","","","","2"
"2016-06-15","Canada","2016A000011124","Chartered bank - conventional mortgage: 5 year","Percent","239","units","0","v80691335","1.35","4.64","","","","2"
"2016-06-22","Canada","2016A000011124","Chartered bank - conventional mortgage: 5 year","Percent","239","units","0","v80691335","1.35","4.64","","","","2"
"2016-06-29","Canada","2016A000011124","Chartered bank - conventional mortgage: 5 year","Percent","239","units","0","v80691335","1.35","4.64","","","","2"
"2016-07-06","Canada","2016A000011124","Chartered bank - conventional mortgage: 5 year","Percent","239","units","0","v80691335","1.35","4.74","","","","2"
"2016-07-13","Canada","2016A000011124","Chartered bank - conventional mortgage: 5 year","Percent","239","units","0","v80691335","1.35","4.74","","","","2"
"2016-07-20","Canada","2016A000011124","Chartered bank - conventional mortgage: 5 year","Percent","239","units","0","v80691335","1.35","4.74","","","","2"
"2016-07-27","Canada","2016A000011124","Chartered bank - conventional mortgage: 5 year","Percent","239","units","0","v80691335","1.35","4.74","","","","2"
"2016-08-03","Canada","2016A000011124","Chartered bank - conventional mortgage: 5 year","Percent","239","units","0","v80691335","1.35","4.74","","","","2"
"2016-08-10","Canada","2016A000011124","Chartered bank - conventional mortgage: 5 year","Percent","239","units","0","v80691335","1.35","4.74","","","","2"
"2016-08-17","Canada","2016A000011124","Chartered bank - conventional mortgage: 5 year","Percent","239","units","0","v80691335","1.35","4.74","","","","2"
"2016-08-24","Canada","2016A000011124","Chartered bank - conventional mortgage: 5 year","Percent","239","units","0","v80691335","1.35","4.74","","","","2"
"2016-08-31","Canada","2016A000011124","Chartered bank - conventional mortgage: 5 year","Percent","239","units","0","v80691335","1.35","4.74","","","","2"
"2016-09-07","Canada","2016A000011124","Chartered bank - conventional mortgage: 5 year","Percent","239","units","0","v80691335","1.35","4.64","","","","2"
"2016-09-14","Canada","2016A000011124","Chartered bank - conventional mortgage: 5 year","Percent","239","units","0","v80691335","1.35","4.64","","","","2"
"2016-09-21","Canada","2016A000011124","Chartered bank - conventional mortgage: 5 year","Percent","239","units","0","v80691335","1.35","4.64","","","","2"
"2016-09-28","Canada","2016A000011124","Chartered bank - conventional mortgage: 5 year","Percent","239","units","0","v80691335","1.35","4.64","","","","2"
"2016-10-05","Canada","2016A000011124","Chartered bank - conventional mortgage: 5 year","Percent","239","units","0","v80691335","1.35","4.64","","","","2"
"2016-10-12","Canada","2016A000011124","Chartered bank - conventional mortgage: 5 year","Percent","239","units","0","v80691335","1.35","4.64","","","","2"
"2016-10-19","Canada","2016A000011124","Chartered bank - conventional mortgage: 5 year","Percent","239","units","0","v80691335","1.35","4.64","","","","2"
"2016-10-26","Canada","2016A000011124","Chartered bank - conventional mortgage: 5 year","Percent","239","units","0","v80691335","1.35","4.64","","","","2"
"2016-11-02","Canada","2016A000011124","Chartered bank - conventional mortgage: 5 year","Percent","239","units","0","v80691335","1.35","4.64","","","","2"
"2016-11-09","Canada","2016A000011124","Chartered bank - conventional mortgage: 5 year","Percent","239","units","0","v80691335","1.35","4.64","","","","2"
"2016-11-16","Canada","2016A000011124","Chartered bank - conventional mortgage: 5 year","Percent","239","units","0","v80691335","1.35","4.64","","","","2"
"2016-11-23","Canada","2016A000011124","Chartered bank - conventional mortgage: 5 year","Percent","239","units","0","v80691335","1.35","4.64","","","","2"
"2016-11-30","Canada","2016A000011124","Chartered bank - conventional mortgage: 5 year","Percent","239","units","0","v80691335","1.35","4.64","","","","2"
"2016-12-07","Canada","2016A000011124","Chartered bank - conventional mortgage: 5 year","Percent","239","units","0","v80691335","1.35","4.64","","","","2"
"2016-12-14","Canada","2016A000011124","Chartered bank - conventional mortgage: 5 year","Percent","239","units","0","v80691335","1.35","4.64","","","","2"
"2016-12-21","Canada","2016A000011124","Chartered bank - conventional mortgage: 5 year","Percent","239","units","0","v80691335","1.35","4.64","","","","2"
"2016-12-28","Canada","2016A000011124","Chartered bank - conventional mortgage: 5 year","Percent","239","units","0","v80691335","1.35","4.64","","","","2"
"2017-01-04","Canada","2016A000011124","Chartered bank - conventional mortgage: 5 year","Percent","239","units","0","v80691335","1.35","4.64","","","","2"
"2017-01-11","Canada","2016A000011124","Chartered bank - conventional mortgage: 5 year","Percent","239","units","0","v80691335","1.35","4.64","","","","2"
"2017-01-18","Canada","2016A000011124","Chartered bank - conventional mortgage: 5 year","Percent","239","units","0","v80691335","1.35","4.64","","","","2"
"2017-01-25","Canada","2016A000011124","Chartered bank - conventional mortgage: 5 year","Percent","239","units","0","v80691335","1.35","4.64","","","","2"
"2017-02-01","Canada","2016A000011124","Chartered bank - conventional mortgage: 5 year","Percent","239","units","0","v80691335","1.35","4.64","","","","2"
"2017-02-08","Canada","2016A000011124","Chartered bank - conventional mortgage: 5 year","Percent","239","units","0","v80691335","1.35","4.64","","","","2"
"2017-02-15","Canada","2016A000011124","Chartered bank - conventional mortgage: 5 year","Percent","239","units","0","v80691335","1.35","4.64","","","","2"
"2017-02-22","Canada","2016A000011124","Chartered bank - conventional mortgage: 5 year","Percent","239","units","0","v80691335","1.35","4.64","","","","2"
"2017-03-01","Canada","2016A000011124","Chartered bank - conventional mortgage: 5 year","Percent","239","units","0","v80691335","1.35","4.64","","","","2"
"2017-03-08","Canada","2016A000011124","Chartered bank - conventional mortgage: 5 year","Percent","239","units","0","v80691335","1.35","4.64","","","","2"
"2017-03-15","Canada","2016A000011124","Chartered bank - conventional mortgage: 5 year","Percent","239","units","0","v80691335","1.35","4.64","","","","2"
"2017-03-22","Canada","2016A000011124","Chartered bank - conventional mortgage: 5 year","Percent","239","units","0","v80691335","1.35","4.64","","","","2"
"2017-03-29","Canada","2016A000011124","Chartered bank - conventional mortgage: 5 year","Percent","239","units","0","v80691335","1.35","4.64","","","","2"
"2017-04-05","Canada","2016A000011124","Chartered bank - conventional mortgage: 5 year","Percent","239","units","0","v80691335","1.35","4.64","","","","2"
"2017-04-12","Canada","2016A000011124","Chartered bank - conventional mortgage: 5 year","Percent","239","units","0","v80691335","1.35","4.64","","","","2"
"2017-04-19","Canada","2016A000011124","Chartered bank - conventional mortgage: 5 year","Percent","239","units","0","v80691335","1.35","4.64","","","","2"
"2017-04-26","Canada","2016A000011124","Chartered bank - conventional mortgage: 5 year","Percent","239","units","0","v80691335","1.35","4.64","","","","2"
"2017-05-03","Canada","2016A000011124","Chartered bank - conventional mortgage: 5 year","Percent","239","units","0","v80691335","1.35","4.64","","","","2"
"2017-05-10","Canada","2016A000011124","Chartered bank - conventional mortgage: 5 year","Percent","239","units","0","v80691335","1.35","4.64","","","","2"
"2017-05-17","Canada","2016A000011124","Chartered bank - conventional mortgage: 5 year","Percent","239","units","0","v80691335","1.35","4.64","","","","2"
"2017-05-24","Canada","2016A000011124","Chartered bank - conventional mortgage: 5 year","Percent","239","units","0","v80691335","1.35","4.64","","","","2"
"2017-05-31","Canada","2016A000011124","Chartered bank - conventional mortgage: 5 year","Percent","239","units","0","v80691335","1.35","4.64","","","","2"
"2017-06-07","Canada","2016A000011124","Chartered bank - conventional mortgage: 5 year","Percent","239","units","0","v80691335","1.35","4.64","","","","2"
"2017-06-14","Canada","2016A000011124","Chartered bank - conventional mortgage: 5 year","Percent","239","units","0","v80691335","1.35","4.64","","","","2"
"2017-06-21","Canada","2016A000011124","Chartered bank - conventional mortgage: 5 year","Percent","239","units","0","v80691335","1.35","4.64","","","","2"
"2017-06-28","Canada","2016A000011124","Chartered bank - conventional mortgage: 5 year","Percent","239","units","0","v80691335","1.35","4.64","","","","2"
"2017-07-05","Canada","2016A000011124","Chartered bank - conventional mortgage: 5 year","Percent","239","units","0","v80691335","1.35","4.64","","","","2"
"2017-07-12","Canada","2016A000011124","Chartered bank - conventional mortgage: 5 year","Percent","239","units","0","v80691335","1.35","4.64","","","","2"
"2017-07-19","Canada","2016A000011124","Chartered bank - conventional mortgage: 5 year","Percent","239","units","0","v80691335","1.35","4.84","","","","2"
"2017-07-26","Canada","2016A000011124","Chartered bank - conventional mortgage: 5 year","Percent","239","units","0","v80691335","1.35","4.84","","","","2"
"2017-08-02","Canada","2016A000011124","Chartered bank - conventional mortgage: 5 year","Percent","239","units","0","v80691335","1.35","4.84","","","","2"
"2017-08-09","Canada","2016A000011124","Chartered bank - conventional mortgage: 5 year","Percent","239","units","0","v80691335","1.35","4.84","","","","2"
"2017-08-16","Canada","2016A000011124","Chartered bank - conventional mortgage: 5 year","Percent","239","units","0","v80691335","1.35","4.84","","","","2"
"2017-08-23","Canada","2016A000011124","Chartered bank - conventional mortgage: 5 year","Percent","239","units","0","v80691335","1.35","4.84","","","","2"
"2017-08-30","Canada","2016A000011124","Chartered bank - conventional mortgage: 5 year","Percent","239","units","0","v80691335","1.35","4.84","","","","2"
"2017-09-06","Canada","2016A000011124","Chartered bank - conventional mortgage: 5 year","Percent","239","units","0","v80691335","1.35","4.84","","","","2"
"2017-09-13","Canada","2016A000011124","Chartered bank - conventional mortgage: 5 year","Percent","239","units","0","v80691335","1.35","4.84","","","","2"
"2017-09-20","Canada","2016A000011124","Chartered bank - conventional mortgage: 5 year","Percent","239","units","0","v80691335","1.35","4.84","","","","2"
"2017-09-27","Canada","2016A000011124","Chartered bank - conventional mortgage: 5 year","Percent","239","units","0","v80691335","1.35","4.89","","","","2"
"2017-10-04","Canada","2016A000011124","Chartered bank - conventional mortgage: 5 year","Percent","239","units","0","v80691335","1.35","4.89","","","","2"
"2017-10-11","Canada","2016A000011124","Chartered bank - conventional mortgage: 5 year","Percent","239","units","0","v80691335","1.35","4.89","","","","2"
"2017-10-18","Canada","2016A000011124","Chartered bank - conventional mortgage: 5 year","Percent","239","units","0","v80691335","1.35","4.89","","","","2"
"2017-10-25","Canada","2016A000011124","Chartered bank - conventional mortgage: 5 year","Percent","239","units","0","v80691335","1.35","4.99","","","","2"
"2017-11-01","Canada","2016A000011124","Chartered bank - conventional mortgage: 5 year","Percent","239","units","0","v80691335","1.35","4.99","","","","2"
"2017-11-08","Canada","2016A000011124","Chartered bank - conventional mortgage: 5 year","Percent","239","units","0","v80691335","1.35","4.99","","","","2"
"2017-11-15","Canada","2016A000011124","Chartered bank - conventional mortgage: 5 year","Percent","239","units","0","v80691335","1.35","4.99","","","","2"
"2017-11-22","Canada","2016A000011124","Chartered bank - conventional mortgage: 5 year","Percent","239","units","0","v80691335","1.35","4.99","","","","2"
"2017-11-29","Canada","2016A000011124","Chartered bank - conventional mortgage: 5 year","Percent","239","units","0","v80691335","1.35","4.99","","","","2"
"2017-12-06","Canada","2016A000011124","Chartered bank - conventional mortgage: 5 year","Percent","239","units","0","v80691335","1.35","4.99","","","","2"
"2017-12-13","Canada","2016A000011124","Chartered bank - conventional mortgage: 5 year","Percent","239","units","0","v80691335","1.35","4.99","","","","2"
"2017-12-20","Canada","2016A000011124","Chartered bank - conventional mortgage: 5 year","Percent","239","units","0","v80691335","1.35","4.99","","","","2"
"2017-12-27","Canada","2016A000011124","Chartered bank - conventional mortgage: 5 year","Percent","239","units","0","v80691335","1.35","4.99","","","","2"
"2018-01-03","Canada","2016A000011124","Chartered bank - conventional mortgage: 5 year","Percent","239","units","0","v80691335","1.35","4.99","","","","2"
"2018-01-10","Canada","2016A000011124","Chartered bank - conventional mortgage: 5 year","Percent","239","units","0","v80691335","1.35","4.99","","","","2"
"2018-01-17","Canada","2016A000011124","Chartered bank - conventional mortgage: 5 year","Percent","239","units","0","v80691335","1.35","5.14","","","","2"
"2018-01-24","Canada","2016A000011124","Chartered bank - conventional mortgage: 5 year","Percent","239","units","0","v80691335","1.35","5.14","","","","2"
"2018-01-31","Canada","2016A000011124","Chartered bank - conventional mortgage: 5 year","Percent","239","units","0","v80691335","1.35","5.14","","","","2"
"2018-02-07","Canada","2016A000011124","Chartered bank - conventional mortgage: 5 year","Percent","239","units","0","v80691335","1.35","5.14","","","","2"
"2018-02-14","Canada","2016A000011124","Chartered bank - conventional mortgage: 5 year","Percent","239","units","0","v80691335","1.35","5.14","","","","2"
"2018-02-21","Canada","2016A000011124","Chartered bank - conventional mortgage: 5 year","Percent","239","units","0","v80691335","1.35","5.14","","","","2"
"2018-02-28","Canada","2016A000011124","Chartered bank - conventional mortgage: 5 year","Percent","239","units","0","v80691335","1.35","5.14","","","","2"
"2018-03-07","Canada","2016A000011124","Chartered bank - conventional mortgage: 5 year","Percent","239","units","0","v80691335","1.35","5.14","","","","2"
"2018-03-14","Canada","2016A000011124","Chartered bank - conventional mortgage: 5 year","Percent","239","units","0","v80691335","1.35","5.14","","","","2"
"2018-03-21","Canada","2016A000011124","Chartered bank - conventional mortgage: 5 year","Percent","239","units","0","v80691335","1.35","5.14","","","","2"
"2018-03-28","Canada","2016A000011124","Chartered bank - conventional mortgage: 5 year","Percent","239","units","0","v80691335","1.35","5.14","","","","2"
"2018-04-04","Canada","2016A000011124","Chartered bank - conventional mortgage: 5 year","Percent","239","units","0","v80691335","1.35","5.14","","","","2"
"2018-04-11","Canada","2016A000011124","Chartered bank - conventional mortgage: 5 year","Percent","239","units","0","v80691335","1.35","5.14","","","","2"
"2018-04-18","Canada","2016A000011124","Chartered bank - conventional mortgage: 5 year","Percent","239","units","0","v80691335","1.35","5.14","","","","2"
"2018-04-25","Canada","2016A000011124","Chartered bank - conventional mortgage: 5 year","Percent","239","units","0","v80691335","1.35","5.14","","","","2"
"2018-05-02","Canada","2016A000011124","Chartered bank - conventional mortgage: 5 year","Percent","239","units","0","v80691335","1.35","5.14","","","","2"
"2018-05-09","Canada","2016A000011124","Chartered bank - conventional mortgage: 5 year","Percent","239","units","0","v80691335","1.35","5.34","","","","2"
"2018-05-16","Canada","2016A000011124","Chartered bank - conventional mortgage: 5 year","Percent","239","units","0","v80691335","1.35","5.34","","","","2"
"2018-05-23","Canada","2016A000011124","Chartered bank - conventional mortgage: 5 year","Percent","239","units","0","v80691335","1.35","5.34","","","","2"
"2018-05-30","Canada","2016A000011124","Chartered bank - conventional mortgage: 5 year","Percent","239","units","0","v80691335","1.35","5.34","","","","2"
"2018-06-06","Canada","2016A000011124","Chartered bank - conventional mortgage: 5 year","Percent","239","units","0","v80691335","1.35","5.34","","","","2"
"2018-06-13","Canada","2016A000011124","Chartered bank - conventional mortgage: 5 year","Percent","239","units","0","v80691335","1.35","5.34","","","","2"
"2018-06-20","Canada","2016A000011124","Chartered bank - conventional mortgage: 5 year","Percent","239","units","0","v80691335","1.35","5.34","","","","2"
"2018-06-27","Canada","2016A000011124","Chartered bank - conventional mortgage: 5 year","Percent","239","units","0","v80691335","1.35","5.34","","","","2"
"2018-07-04","Canada","2016A000011124","Chartered bank - conventional mortgage: 5 year","Percent","239","units","0","v80691335","1.35","5.34","","","","2"
"2018-07-11","Canada","2016A000011124","Chartered bank - conventional mortgage: 5 year","Percent","239","units","0","v80691335","1.35","5.34","","","","2"
"2018-07-18","Canada","2016A000011124","Chartered bank - conventional mortgage: 5 year","Percent","239","units","0","v80691335","1.35","5.34","","","","2"
"2018-07-25","Canada","2016A000011124","Chartered bank - conventional mortgage: 5 year","Percent","239","units","0","v80691335","1.35","5.34","","","","2"
"2018-08-01","Canada","2016A000011124","Chartered bank - conventional mortgage: 5 year","Percent","239","units","0","v80691335","1.35","5.34","","","","2"
"2018-08-08","Canada","2016A000011124","Chartered bank - conventional mortgage: 5 year","Percent","239","units","0","v80691335","1.35","5.34","","","","2"
"2018-08-15","Canada","2016A000011124","Chartered bank - conventional mortgage: 5 year","Percent","239","units","0","v80691335","1.35","5.34","","","","2"
"2018-08-22","Canada","2016A000011124","Chartered bank - conventional mortgage: 5 year","Percent","239","units","0","v80691335","1.35","5.34","","","","2"
"2018-08-29","Canada","2016A000011124","Chartered bank - conventional mortgage: 5 year","Percent","239","units","0","v80691335","1.35","5.34","","","","2"
"2018-09-05","Canada","2016A000011124","Chartered bank - conventional mortgage: 5 year","Percent","239","units","0","v80691335","1.35","5.34","","","","2"
"2018-09-12","Canada","2016A000011124","Chartered bank - conventional mortgage: 5 year","Percent","239","units","0","v80691335","1.35","5.34","","","","2"
"2018-09-19","Canada","2016A000011124","Chartered bank - conventional mortgage: 5 year","Percent","239","units","0","v80691335","1.35","5.34","","","","2"
"2018-09-26","Canada","2016A000011124","Chartered bank - conventional mortgage: 5 year","Percent","239","units","0","v80691335","1.35","5.34","","","","2"
"2018-10-03","Canada","2016A000011124","Chartered bank - conventional mortgage: 5 year","Percent","239","units","0","v80691335","1.35","5.34","","","","2"
"2018-10-10","Canada","2016A000011124","Chartered bank - conventional mortgage: 5 year","Percent","239","units","0","v80691335","1.35","5.34","","","","2"
"2018-10-17","Canada","2016A000011124","Chartered bank - conventional mortgage: 5 year","Percent","239","units","0","v80691335","1.35","5.34","","","","2"
"2018-10-24","Canada","2016A000011124","Chartered bank - conventional mortgage: 5 year","Percent","239","units","0","v80691335","1.35","5.34","","","","2"
"2018-10-31","Canada","2016A000011124","Chartered bank - conventional mortgage: 5 year","Percent","239","units","0","v80691335","1.35","5.34","","","","2"
"2018-11-07","Canada","2016A000011124","Chartered bank - conventional mortgage: 5 year","Percent","239","units","0","v80691335","1.35","5.34","","","","2"
"2018-11-14","Canada","2016A000011124","Chartered bank - conventional mortgage: 5 year","Percent","239","units","0","v80691335","1.35","5.34","","","","2"
"2018-11-21","Canada","2016A000011124","Chartered bank - conventional mortgage: 5 year","Percent","239","units","0","v80691335","1.35","5.34","","","","2"
"2018-11-28","Canada","2016A000011124","Chartered bank - conventional mortgage: 5 year","Percent","239","units","0","v80691335","1.35","5.34","","","","2"
"2018-12-05","Canada","2016A000011124","Chartered bank - conventional mortgage: 5 year","Percent","239","units","0","v80691335","1.35","5.34","","","","2"
"2018-12-12","Canada","2016A000011124","Chartered bank - conventional mortgage: 5 year","Percent","239","units","0","v80691335","1.35","5.34","","","","2"
"2018-12-19","Canada","2016A000011124","Chartered bank - conventional mortgage: 5 year","Percent","239","units","0","v80691335","1.35","5.34","","","","2"
"2018-12-26","Canada","2016A000011124","Chartered bank - conventional mortgage: 5 year","Percent","239","units","0","v80691335","1.35","5.34","","","","2"
"2019-01-02","Canada","2016A000011124","Chartered bank - conventional mortgage: 5 year","Percent","239","units","0","v80691335","1.35","5.34","","","","2"
"2019-01-09","Canada","2016A000011124","Chartered bank - conventional mortgage: 5 year","Percent","239","units","0","v80691335","1.35","5.34","","","","2"
"2019-01-16","Canada","2016A000011124","Chartered bank - conventional mortgage: 5 year","Percent","239","units","0","v80691335","1.35","5.34","","","","2"
"2019-01-23","Canada","2016A000011124","Chartered bank - conventional mortgage: 5 year","Percent","239","units","0","v80691335","1.35","5.34","","","","2"
"2019-01-30","Canada","2016A000011124","Chartered bank - conventional mortgage: 5 year","Percent","239","units","0","v80691335","1.35","5.34","","","","2"
"2019-02-06","Canada","2016A000011124","Chartered bank - conventional mortgage: 5 year","Percent","239","units","0","v80691335","1.35","5.34","","","","2"
"2019-02-13","Canada","2016A000011124","Chartered bank - conventional mortgage: 5 year","Percent","239","units","0","v80691335","1.35","5.34","","","","2"
"2019-02-20","Canada","2016A000011124","Chartered bank - conventional mortgage: 5 year","Percent","239","units","0","v80691335","1.35","5.34","","","","2"
"2019-02-27","Canada","2016A000011124","Chartered bank - conventional mortgage: 5 year","Percent","239","units","0","v80691335","1.35","5.34","","","","2"
"2019-03-06","Canada","2016A000011124","Chartered bank - conventional mortgage: 5 year","Percent","239","units","0","v80691335","1.35","5.34","","","","2"
"2019-03-13","Canada","2016A000011124","Chartered bank - conventional mortgage: 5 year","Percent","239","units","0","v80691335","1.35","5.34","","","","2"
"2019-03-20","Canada","2016A000011124","Chartered bank - conventional mortgage: 5 year","Percent","239","units","0","v80691335","1.35","5.34","","","","2"
"2019-03-27","Canada","2016A000011124","Chartered bank - conventional mortgage: 5 year","Percent","239","units","0","v80691335","1.35","5.34","","","","2"
"2019-04-03","Canada","2016A000011124","Chartered bank - conventional mortgage: 5 year","Percent","239","units","0","v80691335","1.35","5.34","","","","2"
"2019-04-10","Canada","2016A000011124","Chartered bank - conventional mortgage: 5 year","Percent","239","units","0","v80691335","1.35","5.34","","","","2"
"2019-04-17","Canada","2016A000011124","Chartered bank - conventional mortgage: 5 year","Percent","239","units","0","v80691335","1.35","5.34","","","","2"
"2019-04-24","Canada","2016A000011124","Chartered bank - conventional mortgage: 5 year","Percent","239","units","0","v80691335","1.35","5.34","","","","2"
"2019-05-01","Canada","2016A000011124","Chartered bank - conventional mortgage: 5 year","Percent","239","units","0","v80691335","1.35","5.34","","","","2"
"2019-05-08","Canada","2016A000011124","Chartered bank - conventional mortgage: 5 year","Percent","239","units","0","v80691335","1.35","5.34","","","","2"
"2019-05-15","Canada","2016A000011124","Chartered bank - conventional mortgage: 5 year","Percent","239","units","0","v80691335","1.35","5.34","","","","2"
"2019-05-22","Canada","2016A000011124","Chartered bank - conventional mortgage: 5 year","Percent","239","units","0","v80691335","1.35","5.34","","","","2"
"2019-05-29","Canada","2016A000011124","Chartered bank - conventional mortgage: 5 year","Percent","239","units","0","v80691335","1.35","5.34","","","","2"
"2019-06-05","Canada","2016A000011124","Chartered bank - conventional mortgage: 5 year","Percent","239","units","0","v80691335","1.35","5.34","","","","2"
"2019-06-12","Canada","2016A000011124","Chartered bank - conventional mortgage: 5 year","Percent","239","units","0","v80691335","1.35","5.34","","","","2"
"2019-06-19","Canada","2016A000011124","Chartered bank - conventional mortgage: 5 year","Percent","239","units","0","v80691335","1.35","5.34","","","","2"
"2019-06-26","Canada","2016A000011124","Chartered bank - conventional mortgage: 5 year","Percent","239","units","0","v80691335","1.35","5.34","","","","2"
"2019-07-03","Canada","2016A000011124","Chartered bank - conventional mortgage: 5 year","Percent","239","units","0","v80691335","1.35","5.34","","","","2"
"2019-07-10","Canada","2016A000011124","Chartered bank - conventional mortgage: 5 year","Percent","239","units","0","v80691335","1.35","5.34","","","","2"
"2019-07-17","Canada","2016A000011124","Chartered bank - conventional mortgage: 5 year","Percent","239","units","0","v80691335","1.35","5.19","","","","2"
"2019-07-24","Canada","2016A000011124","Chartered bank - conventional mortgage: 5 year","Percent","239","units","0","v80691335","1.35","5.19","","","","2"
"2019-07-31","Canada","2016A000011124","Chartered bank - conventional mortgage: 5 year","Percent","239","units","0","v80691335","1.35","5.19","","","","2"
"2019-08-07","Canada","2016A000011124","Chartered bank - conventional mortgage: 5 year","Percent","239","units","0","v80691335","1.35","5.19","","","","2"
"2019-08-14","Canada","2016A000011124","Chartered bank - conventional mortgage: 5 year","Percent","239","units","0","v80691335","1.35","5.19","","","","2"
"2019-08-21","Canada","2016A000011124","Chartered bank - conventional mortgage: 5 year","Percent","239","units","0","v80691335","1.35","5.19","","","","2"
"2019-08-28","Canada","2016A000011124","Chartered bank - conventional mortgage: 5 year","Percent","239","units","0","v80691335","1.35","5.19","","","","2"
"2019-09-04","Canada","2016A000011124","Chartered bank - conventional mortgage: 5 year","Percent","239","units","0","v80691335","1.35","5.19","","","","2"
"2019-09-11","Canada","2016A000011124","Chartered bank - conventional mortgage: 5 year","Percent","239","units","0","v80691335","1.35","5.19","","","","2"
"2019-09-18","Canada","2016A000011124","Chartered bank - conventional mortgage: 5 year","Percent","239","units","0","v80691335","1.35","5.19","","","","2"
"2019-09-25","Canada","2016A000011124","Chartered bank - conventional mortgage: 5 year","Percent","239","units","0","v80691335","1.35","5.19","","","","2"
"2019-10-02","Canada","2016A000011124","Chartered bank - conventional mortgage: 5 year","Percent","239","units","0","v80691335","1.35","5.19","","","","2"
"2019-10-09","Canada","2016A000011124","Chartered bank - conventional mortgage: 5 year","Percent","239","units","0","v80691335","1.35","5.19","","","","2"
"2019-10-16","Canada","2016A000011124","Chartered bank - conventional mortgage: 5 year","Percent","239","units","0","v80691335","1.35","5.19","","","","2"
"2019-10-23","Canada","2016A000011124","Chartered bank - conventional mortgage: 5 year","Percent","239","units","0","v80691335","1.35","5.19","","","","2"
"2019-10-30","Canada","2016A000011124","Chartered bank - conventional mortgage: 5 year","Percent","239","units","0","v80691335","1.35","5.19","","","","2"
"2019-11-06","Canada","2016A000011124","Chartered bank - conventional mortgage: 5 year","Percent","239","units","0","v80691335","1.35","5.19","","","","2"
"2019-11-13","Canada","2016A000011124","Chartered bank - conventional mortgage: 5 year","Percent","239","units","0","v80691335","1.35","5.19","","","","2"
"2019-11-20","Canada","2016A000011124","Chartered bank - conventional mortgage: 5 year","Percent","239","units","0","v80691335","1.35","5.19","","","","2"
"2019-11-27","Canada","2016A000011124","Chartered bank - conventional mortgage: 5 year","Percent","239","units","0","v80691335","1.35","5.19","","","","2"
"2019-12-04","Canada","2016A000011124","Chartered bank - conventional mortgage: 5 year","Percent","239","units","0","v80691335","1.35","5.19","","","","2"
"2019-12-11","Canada","2016A000011124","Chartered bank - conventional mortgage: 5 year","Percent","239","units","0","v80691335","1.35","5.19","","","","2"
"2019-12-18","Canada","2016A000011124","Chartered bank - conventional mortgage: 5 year","Percent","239","units","0","v80691335","1.35","5.19","","","","2"
"2019-12-25","Canada","2016A000011124","Chartered bank - conventional mortgage: 5 year","Percent","239","units","0","v80691335","1.35","5.19","","","","2"
"2020-01-01","Canada","2016A000011124","Chartered bank - conventional mortgage: 5 year","Percent","239","units","0","v80691335","1.35","5.19","","","","2"
"2020-01-08","Canada","2016A000011124","Chartered bank - conventional mortgage: 5 year","Percent","239","units","0","v80691335","1.35","5.19","","","","2"
"2020-01-15","Canada","2016A000011124","Chartered bank - conventional mortgage: 5 year","Percent","239","units","0","v80691335","1.35","5.19","","","","2"
"2020-01-22","Canada","2016A000011124","Chartered bank - conventional mortgage: 5 year","Percent","239","units","0","v80691335","1.35","5.19","","","","2"
"2020-01-29","Canada","2016A000011124","Chartered bank - conventional mortgage: 5 year","Percent","239","units","0","v80691335","1.35","5.19","","","","2"
"2020-02-05","Canada","2016A000011124","Chartered bank - conventional mortgage: 5 year","Percent","239","units","0","v80691335","1.35","5.19","","","","2"
"2020-02-12","Canada","2016A000011124","Chartered bank - conventional mortgage: 5 year","Percent","239","units","0","v80691335","1.35","5.19","","","","2"
"2020-02-19","Canada","2016A000011124","Chartered bank - conventional mortgage: 5 year","Percent","239","units","0","v80691335","1.35","5.19","","","","2"
"2020-02-26","Canada","2016A000011124","Chartered bank - conventional mortgage: 5 year","Percent","239","units","0","v80691335","1.35","5.19","","","","2"
"2020-03-04","Canada","2016A000011124","Chartered bank - conventional mortgage: 5 year","Percent","239","units","0","v80691335","1.35","5.19","","","","2"
"2020-03-11","Canada","2016A000011124","Chartered bank - conventional mortgage: 5 year","Percent","239","units","0","v80691335","1.35","5.19","","","","2"
"2020-03-18","Canada","2016A000011124","Chartered bank - conventional mortgage: 5 year","Percent","239","units","0","v80691335","1.35","5.04","","","","2"
"2020-03-25","Canada","2016A000011124","Chartered bank - conventional mortgage: 5 year","Percent","239","units","0","v80691335","1.35","5.04","","","","2"
"2020-04-01","Canada","2016A000011124","Chartered bank - conventional mortgage: 5 year","Percent","239","units","0","v80691335","1.35","5.04","","","","2"
"2020-04-08","Canada","2016A000011124","Chartered bank - conventional mortgage: 5 year","Percent","239","units","0","v80691335","1.35","5.04","","","","2"
"2020-04-15","Canada","2016A000011124","Chartered bank - conventional mortgage: 5 year","Percent","239","units","0","v80691335","1.35","5.04","","","","2"
"2020-04-22","Canada","2016A000011124","Chartered bank - conventional mortgage: 5 year","Percent","239","units","0","v80691335","1.35","5.04","","","","2"
"2020-04-29","Canada","2016A000011124","Chartered bank - conventional mortgage: 5 year","Percent","239","units","0","v80691335","1.35","5.04","","","","2"
"2020-05-06","Canada","2016A000011124","Chartered bank - conventional mortgage: 5 year","Percent","239","units","0","v80691335","1.35","5.04","","","","2"
"2020-05-13","Canada","2016A000011124","Chartered bank - conventional mortgage: 5 year","Percent","239","units","0","v80691335","1.35","5.04","","","","2"
"2020-05-20","Canada","2016A000011124","Chartered bank - conventional mortgage: 5 year","Percent","239","units","0","v80691335","1.35","4.94","","","","2"
"2020-05-27","Canada","2016A000011124","Chartered bank - conventional mortgage: 5 year","Percent","239","units","0","v80691335","1.35","4.94","","","","2"
"2020-06-03","Canada","2016A000011124","Chartered bank - conventional mortgage: 5 year","Percent","239","units","0","v80691335","1.35","4.94","","","","2"
"2020-06-10","Canada","2016A000011124","Chartered bank - conventional mortgage: 5 year","Percent","239","units","0","v80691335","1.35","4.94","","","","2"
"2020-06-17","Canada","2016A000011124","Chartered bank - conventional mortgage: 5 year","Percent","239","units","0","v80691335","1.35","4.94","","","","2"
"2020-06-24","Canada","2016A000011124","Chartered bank - conventional mortgage: 5 year","Percent","239","units","0","v80691335","1.35","4.94","","","","2"
"2020-07-01","Canada","2016A000011124","Chartered bank - conventional mortgage: 5 year","Percent","239","units","0","v80691335","1.35","4.94","","","","2"
"2020-07-08","Canada","2016A000011124","Chartered bank - conventional mortgage: 5 year","Percent","239","units","0","v80691335","1.35","4.94","","","","2"
"2020-07-15","Canada","2016A000011124","Chartered bank - conventional mortgage: 5 year","Percent","239","units","0","v80691335","1.35","4.94","","","","2"
"2020-07-22","Canada","2016A000011124","Chartered bank - conventional mortgage: 5 year","Percent","239","units","0","v80691335","1.35","4.94","","","","2"
"2020-07-29","Canada","2016A000011124","Chartered bank - conventional mortgage: 5 year","Percent","239","units","0","v80691335","1.35","4.94","","","","2"
"2020-08-05","Canada","2016A000011124","Chartered bank - conventional mortgage: 5 year","Percent","239","units","0","v80691335","1.35","4.94","","","","2"
"2020-08-12","Canada","2016A000011124","Chartered bank - conventional mortgage: 5 year","Percent","239","units","0","v80691335","1.35","4.79","","","","2"
"2020-08-19","Canada","2016A000011124","Chartered bank - conventional mortgage: 5 year","Percent","239","units","0","v80691335","1.35","4.79","","","","2"
"2020-08-26","Canada","2016A000011124","Chartered bank - conventional mortgage: 5 year","Percent","239","units","0","v80691335","1.35","4.79","","","","2"
"2020-09-02","Canada","2016A000011124","Chartered bank - conventional mortgage: 5 year","Percent","239","units","0","v80691335","1.35","4.79","","","","2"
"2020-09-09","Canada","2016A000011124","Chartered bank - conventional mortgage: 5 year","Percent","239","units","0","v80691335","1.35","4.79","","","","2"
"2020-09-16","Canada","2016A000011124","Chartered bank - conventional mortgage: 5 year","Percent","239","units","0","v80691335","1.35","4.79","","","","2"
"2020-09-23","Canada","2016A000011124","Chartered bank - conventional mortgage: 5 year","Percent","239","units","0","v80691335","1.35","4.79","","","","2"
"2020-09-30","Canada","2016A000011124","Chartered bank - conventional mortgage: 5 year","Percent","239","units","0","v80691335","1.35","4.79","","","","2"
"2020-10-07","Canada","2016A000011124","Chartered bank - conventional mortgage: 5 year","Percent","239","units","0","v80691335","1.35","4.79","","","","2"
"2020-10-14","Canada","2016A000011124","Chartered bank - conventional mortgage: 5 year","Percent","239","units","0","v80691335","1.35","4.79","","","","2"
"2020-10-21","Canada","2016A000011124","Chartered bank - conventional mortgage: 5 year","Percent","239","units","0","v80691335","1.35","4.79","","","","2"
"2020-10-28","Canada","2016A000011124","Chartered bank - conventional mortgage: 5 year","Percent","239","units","0","v80691335","1.35","4.79","","","","2"


